node	 parent
0	0
1	0
2	0
3	0
4	0
5	1
6	1
7	0
8	0
9	2
10	5
11	0
12	1
13	3
14	3
15	2
16	0
17	3
18	4
19	6
20	17
21	4
22	19
23	8
24	5
25	7
26	1
27	0
28	0
29	3
30	2
31	2
32	2
33	1
34	3
35	0
36	12
37	2
38	6
39	0
40	6
41	8
42	7
43	5
44	3
45	4
46	0
47	31
48	11
49	12
50	1
51	21
52	4
53	25
54	35
55	0
56	23
57	3
58	28
59	6
60	1
61	5
62	8
63	5
64	5
65	17
66	9
67	1
68	0
69	6
70	4
71	5
72	6
73	3
74	31
75	44
76	5
77	17
78	6
79	28
80	29
81	11
82	12
83	5
84	7
85	5
86	18
87	36
88	6
89	7
90	51
91	9
92	29
93	12
94	9
95	18
96	12
97	42
98	12
99	6
100	25
101	5
102	1
103	29
104	1
105	0
106	29
107	0
108	50
109	2
110	5
111	9
112	5
113	26
114	35
115	1
116	3
117	29
118	18
119	55
120	18
121	4
122	35
123	0
124	4
125	40
126	28
127	12
128	99
129	0
130	19
131	28
132	25
133	6
134	36
135	4
136	7
137	3
138	5
139	6
140	23
141	28
142	0
143	2
144	2
145	0
146	35
147	0
148	7
149	9
150	55
151	28
152	82
153	6
154	4
155	109
156	51
157	25
158	12
159	35
160	62
161	20
162	44
163	12
164	140
165	50
166	17
167	12
168	5
169	13
170	1
171	54
172	62
173	6
174	60
175	54
176	57
177	29
178	69
179	22
180	5
181	107
182	161
183	100
184	42
185	138
186	3
187	55
188	9
189	40
190	9
191	31
192	23
193	20
194	10
195	9
196	138
197	8
198	6
199	53
200	1
201	15
202	15
203	143
204	13
205	25
206	1
207	16
208	6
209	24
210	19
211	13
212	37
213	57
214	40
215	35
216	1
217	16
218	2
219	28
220	39
221	31
222	84
223	2
224	36
225	43
226	4
227	12
228	27
229	45
230	4
231	67
232	113
233	55
234	84
235	9
236	54
237	25
238	13
239	8
240	0
241	6
242	17
243	29
244	25
245	35
246	126
247	113
248	82
249	24
250	163
251	29
252	152
253	25
254	117
255	91
256	176
257	42
258	100
259	6
260	226
261	86
262	56
263	36
264	22
265	130
266	187
267	76
268	5
269	108
270	138
271	0
272	54
273	19
274	13
275	167
276	73
277	31
278	34
279	44
280	155
281	66
282	104
283	9
284	29
285	108
286	38
287	72
288	105
289	29
290	86
291	19
292	7
293	91
294	103
295	44
296	9
297	6
298	58
299	108
300	84
301	17
302	25
303	3
304	29
305	57
306	246
307	43
308	113
309	139
310	64
311	4
312	31
313	19
314	13
315	55
316	62
317	50
318	19
319	48
320	58
321	73
322	39
323	19
324	16
325	29
326	62
327	7
328	242
329	19
330	43
331	247
332	9
333	44
334	108
335	5
336	35
337	26
338	152
339	59
340	11
341	51
342	20
343	109
344	4
345	183
346	59
347	72
348	6
349	30
350	39
351	16
352	50
353	113
354	58
355	168
356	54
357	39
358	333
359	194
360	28
361	208
362	28
363	222
364	4
365	15
366	92
367	29
368	96
369	27
370	92
371	125
372	152
373	5
374	45
375	28
376	35
377	16
378	169
379	19
380	45
381	178
382	6
383	5
384	4
385	3
386	104
387	6
388	79
389	167
390	10
391	20
392	35
393	66
394	293
395	252
396	29
397	102
398	161
399	88
400	226
401	252
402	16
403	113
404	71
405	212
406	25
407	6
408	82
409	2
410	200
411	159
412	58
413	183
414	67
415	2
416	69
417	352
418	29
419	28
420	3
421	243
422	84
423	71
424	10
425	100
426	8
427	110
428	12
429	161
430	102
431	55
432	12
433	293
434	107
435	18
436	29
437	139
438	252
439	126
440	20
441	332
442	243
443	305
444	73
445	94
446	404
447	103
448	238
449	45
450	194
451	4
452	30
453	4
454	20
455	147
456	206
457	122
458	76
459	102
460	108
461	335
462	313
463	194
464	172
465	10
466	34
467	153
468	66
469	200
470	22
471	64
472	119
473	223
474	190
475	40
476	190
477	2
478	138
479	53
480	5
481	56
482	403
483	109
484	354
485	71
486	390
487	226
488	208
489	156
490	57
491	445
492	155
493	129
494	102
495	38
496	359
497	9
498	242
499	37
500	209
501	172
502	12
503	119
504	6
505	354
506	50
507	133
508	19
509	338
510	102
511	54
512	255
513	108
514	76
515	17
516	321
517	443
518	34
519	108
520	252
521	65
522	90
523	89
524	164
525	6
526	64
527	25
528	24
529	99
530	436
531	88
532	115
533	137
534	59
535	413
536	21
537	336
538	365
539	124
540	16
541	99
542	0
543	8
544	46
545	109
546	53
547	17
548	12
549	72
550	390
551	19
552	263
553	24
554	290
555	91
556	495
557	56
558	229
559	21
560	174
561	5
562	150
563	194
564	82
565	397
566	469
567	209
568	113
569	113
570	102
571	29
572	102
573	530
574	172
575	149
576	1
577	245
578	283
579	200
580	46
581	318
582	212
583	51
584	203
585	27
586	38
587	17
588	378
589	155
590	5
591	184
592	136
593	121
594	117
595	109
596	130
597	2
598	5
599	92
600	351
601	39
602	55
603	335
604	481
605	472
606	54
607	105
608	104
609	27
610	62
611	155
612	100
613	24
614	335
615	77
616	2
617	99
618	176
619	441
620	297
621	37
622	148
623	6
624	107
625	34
626	25
627	19
628	17
629	485
630	42
631	108
632	83
633	4
634	98
635	340
636	62
637	257
638	66
639	163
640	118
641	502
642	34
643	80
644	11
645	163
646	325
647	71
648	39
649	283
650	214
651	428
652	273
653	290
654	113
655	108
656	335
657	96
658	168
659	521
660	546
661	62
662	161
663	153
664	378
665	20
666	245
667	201
668	99
669	117
670	184
671	345
672	11
673	418
674	45
675	115
676	208
677	408
678	9
679	355
680	155
681	29
682	14
683	241
684	522
685	319
686	194
687	42
688	241
689	222
690	222
691	581
692	581
693	613
694	99
695	105
696	482
697	173
698	62
699	108
700	340
701	18
702	125
703	45
704	113
705	547
706	76
707	86
708	375
709	81
710	8
711	81
712	166
713	70
714	200
715	239
716	8
717	241
718	118
719	177
720	50
721	167
722	126
723	490
724	73
725	129
726	580
727	347
728	4
729	98
730	117
731	38
732	501
733	50
734	446
735	30
736	185
737	90
738	221
739	171
740	283
741	103
742	69
743	97
744	30
745	436
746	129
747	241
748	326
749	213
750	25
751	290
752	152
753	481
754	68
755	194
756	366
757	1
758	108
759	130
760	42
761	159
762	52
763	453
764	38
765	175
766	84
767	27
768	102
769	56
770	345
771	155
772	244
773	34
774	335
775	218
776	171
777	137
778	17
779	176
780	623
781	548
782	149
783	1
784	243
785	128
786	0
787	200
788	46
789	263
790	195
791	657
792	44
793	56
794	55
795	290
796	345
797	25
798	340
799	90
800	412
801	62
802	79
803	345
804	128
805	147
806	404
807	36
808	283
809	242
810	36
811	113
812	647
813	60
814	113
815	335
816	657
817	31
818	18
819	122
820	580
821	176
822	168
823	5
824	1
825	245
826	107
827	159
828	171
829	26
830	53
831	333
832	56
833	340
834	156
835	239
836	79
837	196
838	35
839	449
840	453
841	107
842	510
843	115
844	720
845	58
846	102
847	733
848	401
849	270
850	526
851	361
852	163
853	31
854	422
855	16
856	27
857	647
858	38
859	35
860	344
861	100
862	201
863	743
864	108
865	173
866	180
867	657
868	86
869	373
870	69
871	347
872	168
873	197
874	16
875	46
876	599
877	27
878	516
879	9
880	6
881	62
882	150
883	119
884	443
885	27
886	8
887	735
888	29
889	47
890	526
891	378
892	19
893	30
894	69
895	441
896	125
897	105
898	239
899	483
900	263
901	289
902	115
903	6
904	636
905	688
906	14
907	359
908	645
909	325
910	82
911	484
912	336
913	14
914	0
915	387
916	200
917	232
918	123
919	129
920	15
921	210
922	345
923	62
924	45
925	69
926	93
927	230
928	29
929	387
930	123
931	136
932	26
933	29
934	313
935	66
936	387
937	289
938	178
939	390
940	445
941	20
942	438
943	312
944	208
945	73
946	19
947	743
948	24
949	293
950	173
951	609
952	25
953	27
954	95
955	452
956	179
957	54
958	50
959	183
960	639
961	396
962	54
963	88
964	173
965	3
966	702
967	305
968	8
969	46
970	196
971	171
972	290
973	245
974	21
975	386
976	71
977	249
978	111
979	238
980	13
981	20
982	534
983	50
984	81
985	8
986	239
987	209
988	403
989	194
990	659
991	5
992	332
993	82
994	155
995	24
996	31
997	9
998	546
999	88
1000	212
1001	743
1002	7
1003	78
1004	103
1005	7
1006	359
1007	383
1008	68
1009	463
1010	422
1011	775
1012	241
1013	465
1014	876
1015	669
1016	179
1017	122
1018	647
1019	397
1020	241
1021	150
1022	255
1023	213
1024	332
1025	173
1026	232
1027	317
1028	389
1029	36
1030	82
1031	390
1032	901
1033	510
1034	5
1035	90
1036	81
1037	125
1038	546
1039	273
1040	58
1041	54
1042	321
1043	340
1044	66
1045	468
1046	350
1047	499
1048	159
1049	272
1050	62
1051	905
1052	114
1053	241
1054	113
1055	108
1056	208
1057	284
1058	420
1059	314
1060	29
1061	613
1062	9
1063	104
1064	602
1065	691
1066	919
1067	626
1068	98
1069	207
1070	173
1071	441
1072	226
1073	1
1074	394
1075	71
1076	290
1077	340
1078	522
1079	127
1080	231
1081	244
1082	279
1083	194
1084	420
1085	403
1086	29
1087	9
1088	27
1089	196
1090	124
1091	177
1092	102
1093	141
1094	567
1095	12
1096	79
1097	169
1098	128
1099	110
1100	86
1101	507
1102	90
1103	101
1104	263
1105	342
1106	81
1107	867
1108	223
1109	729
1110	208
1111	408
1112	20
1113	6
1114	489
1115	197
1116	184
1117	25
1118	284
1119	149
1120	600
1121	69
1122	647
1123	901
1124	20
1125	381
1126	166
1127	482
1128	42
1129	761
1130	517
1131	34
1132	242
1133	27
1134	290
1135	844
1136	644
1137	20
1138	71
1139	351
1140	98
1141	45
1142	289
1143	118
1144	636
1145	525
1146	209
1147	152
1148	297
1149	176
1150	436
1151	499
1152	141
1153	443
1154	3
1155	124
1156	86
1157	118
1158	35
1159	50
1160	901
1161	590
1162	388
1163	699
1164	428
1165	71
1166	193
1167	446
1168	284
1169	184
1170	136
1171	634
1172	437
1173	401
1174	548
1175	154
1176	188
1177	166
1178	102
1179	437
1180	729
1181	107
1182	53
1183	136
1184	305
1185	96
1186	492
1187	86
1188	453
1189	128
1190	298
1191	116
1192	260
1193	260
1194	176
1195	72
1196	39
1197	498
1198	35
1199	123
1200	597
1201	1017
1202	530
1203	1
1204	31
1205	98
1206	508
1207	444
1208	538
1209	195
1210	627
1211	114
1212	588
1213	485
1214	12
1215	114
1216	522
1217	8
1218	351
1219	589
1220	80
1221	1017
1222	824
1223	34
1224	26
1225	351
1226	190
1227	243
1228	347
1229	688
1230	371
1231	272
1232	33
1233	809
1234	68
1235	210
1236	581
1237	163
1238	755
1239	351
1240	117
1241	108
1242	719
1243	492
1244	97
1245	29
1246	672
1247	546
1248	109
1249	409
1250	200
1251	293
1252	3
1253	211
1254	0
1255	355
1256	50
1257	211
1258	126
1259	65
1260	124
1261	522
1262	852
1263	561
1264	5
1265	57
1266	582
1267	568
1268	353
1269	123
1270	24
1271	249
1272	401
1273	656
1274	133
1275	243
1276	720
1277	309
1278	302
1279	222
1280	54
1281	27
1282	0
1283	599
1284	267
1285	302
1286	215
1287	69
1288	176
1289	0
1290	245
1291	30
1292	556
1293	115
1294	11
1295	290
1296	6
1297	200
1298	39
1299	109
1300	469
1301	128
1302	5
1303	317
1304	8
1305	74
1306	578
1307	5
1308	171
1309	289
1310	785
1311	472
1312	465
1313	710
1314	69
1315	139
1316	498
1317	671
1318	245
1319	281
1320	98
1321	478
1322	83
1323	578
1324	529
1325	939
1326	301
1327	351
1328	484
1329	409
1330	176
1331	3
1332	317
1333	546
1334	540
1335	116
1336	689
1337	50
1338	176
1339	414
1340	960
1341	141
1342	180
1343	670
1344	639
1345	50
1346	521
1347	552
1348	179
1349	237
1350	672
1351	577
1352	313
1353	96
1354	12
1355	59
1356	56
1357	430
1358	24
1359	403
1360	599
1361	604
1362	135
1363	45
1364	602
1365	492
1366	303
1367	69
1368	62
1369	13
1370	108
1371	437
1372	255
1373	284
1374	220
1375	1078
1376	531
1377	831
1378	124
1379	108
1380	20
1381	96
1382	364
1383	761
1384	162
1385	403
1386	411
1387	255
1388	604
1389	29
1390	35
1391	126
1392	1176
1393	361
1394	835
1395	163
1396	211
1397	54
1398	144
1399	449
1400	31
1401	44
1402	166
1403	133
1404	620
1405	5
1406	96
1407	423
1408	313
1409	717
1410	208
1411	27
1412	374
1413	55
1414	170
1415	5
1416	246
1417	875
1418	25
1419	58
1420	138
1421	40
1422	985
1423	710
1424	44
1425	386
1426	568
1427	905
1428	184
1429	125
1430	244
1431	263
1432	928
1433	31
1434	1
1435	504
1436	118
1437	699
1438	361
1439	51
1440	376
1441	178
1442	1015
1443	144
1444	34
1445	133
1446	443
1447	50
1448	295
1449	1017
1450	287
1451	1142
1452	1129
1453	61
1454	15
1455	154
1456	18
1457	1101
1458	179
1459	1
1460	86
1461	1089
1462	875
1463	109
1464	92
1465	46
1466	479
1467	702
1468	740
1469	169
1470	1135
1471	293
1472	18
1473	154
1474	385
1475	719
1476	391
1477	609
1478	9
1479	925
1480	113
1481	168
1482	503
1483	931
1484	17
1485	657
1486	672
1487	39
1488	743
1489	172
1490	176
1491	460
1492	436
1493	316
1494	426
1495	411
1496	690
1497	105
1498	193
1499	525
1500	791
1501	123
1502	223
1503	876
1504	1242
1505	376
1506	81
1507	107
1508	514
1509	2
1510	657
1511	6
1512	519
1513	590
1514	365
1515	321
1516	287
1517	86
1518	70
1519	2
1520	1062
1521	90
1522	54
1523	108
1524	604
1525	626
1526	123
1527	159
1528	985
1529	117
1530	438
1531	713
1532	108
1533	551
1534	24
1535	469
1536	52
1537	581
1538	107
1539	18
1540	374
1541	115
1542	115
1543	899
1544	193
1545	66
1546	31
1547	108
1548	1090
1549	1239
1550	554
1551	347
1552	6
1553	438
1554	178
1555	30
1556	196
1557	290
1558	8
1559	99
1560	5
1561	453
1562	606
1563	232
1564	15
1565	443
1566	647
1567	522
1568	197
1569	86
1570	1308
1571	167
1572	107
1573	338
1574	716
1575	604
1576	215
1577	147
1578	620
1579	615
1580	8
1581	244
1582	350
1583	510
1584	233
1585	35
1586	83
1587	250
1588	634
1589	476
1590	0
1591	631
1592	107
1593	207
1594	1142
1595	427
1596	51
1597	121
1598	78
1599	1213
1600	552
1601	530
1602	266
1603	1138
1604	659
1605	452
1606	6
1607	130
1608	817
1609	892
1610	514
1611	669
1612	666
1613	126
1614	940
1615	7
1616	46
1617	1027
1618	623
1619	338
1620	78
1621	610
1622	284
1623	36
1624	133
1625	2
1626	26
1627	433
1628	76
1629	362
1630	120
1631	851
1632	366
1633	293
1634	389
1635	86
1636	86
1637	823
1638	130
1639	239
1640	1402
1641	1330
1642	992
1643	214
1644	213
1645	44
1646	519
1647	318
1648	312
1649	469
1650	314
1651	25
1652	633
1653	196
1654	712
1655	793
1656	112
1657	609
1658	486
1659	610
1660	581
1661	350
1662	684
1663	165
1664	284
1665	1078
1666	2
1667	1005
1668	82
1669	1359
1670	123
1671	589
1672	528
1673	361
1674	312
1675	6
1676	622
1677	473
1678	380
1679	417
1680	86
1681	53
1682	345
1683	88
1684	242
1685	525
1686	844
1687	5
1688	814
1689	33
1690	778
1691	9
1692	632
1693	585
1694	817
1695	31
1696	68
1697	351
1698	0
1699	126
1700	347
1701	1209
1702	557
1703	517
1704	800
1705	39
1706	173
1707	716
1708	675
1709	20
1710	1414
1711	382
1712	159
1713	59
1714	1242
1715	30
1716	149
1717	317
1718	122
1719	369
1720	1005
1721	275
1722	765
1723	35
1724	109
1725	682
1726	1092
1727	104
1728	93
1729	1646
1730	1193
1731	301
1732	152
1733	121
1734	324
1735	808
1736	25
1737	89
1738	994
1739	25
1740	489
1741	1280
1742	993
1743	6
1744	107
1745	124
1746	963
1747	1297
1748	809
1749	214
1750	185
1751	165
1752	200
1753	1193
1754	712
1755	642
1756	236
1757	30
1758	35
1759	851
1760	450
1761	30
1762	80
1763	422
1764	32
1765	11
1766	260
1767	260
1768	355
1769	629
1770	8
1771	824
1772	95
1773	507
1774	11
1775	808
1776	171
1777	218
1778	49
1779	228
1780	1015
1781	1421
1782	333
1783	883
1784	512
1785	123
1786	34
1787	30
1788	602
1789	33
1790	7
1791	1349
1792	102
1793	1141
1794	293
1795	289
1796	108
1797	140
1798	104
1799	581
1800	852
1801	271
1802	823
1803	44
1804	729
1805	962
1806	102
1807	220
1808	104
1809	218
1810	668
1811	238
1812	29
1813	457
1814	645
1815	814
1816	814
1817	1042
1818	118
1819	423
1820	881
1821	252
1822	717
1823	359
1824	175
1825	160
1826	538
1827	181
1828	409
1829	339
1830	1380
1831	329
1832	255
1833	145
1834	1053
1835	24
1836	127
1837	1576
1838	609
1839	702
1840	929
1841	37
1842	353
1843	61
1844	1509
1845	73
1846	469
1847	486
1848	180
1849	836
1850	321
1851	659
1852	905
1853	720
1854	824
1855	178
1856	723
1857	528
1858	332
1859	98
1860	1082
1861	123
1862	250
1863	168
1864	281
1865	992
1866	67
1867	235
1868	827
1869	110
1870	719
1871	99
1872	528
1873	33
1874	89
1875	486
1876	266
1877	582
1878	445
1879	713
1880	638
1881	107
1882	387
1883	1110
1884	473
1885	337
1886	901
1887	602
1888	428
1889	742
1890	809
1891	715
1892	105
1893	69
1894	1042
1895	508
1896	427
1897	271
1898	1196
1899	495
1900	604
1901	742
1902	47
1903	209
1904	881
1905	656
1906	107
1907	855
1908	118
1909	13
1910	332
1911	31
1912	417
1913	29
1914	467
1915	301
1916	526
1917	133
1918	98
1919	723
1920	82
1921	588
1922	115
1923	95
1924	303
1925	86
1926	689
1927	861
1928	1168
1929	127
1930	600
1931	146
1932	50
1933	1563
1934	290
1935	574
1936	4
1937	500
1938	1311
1939	989
1940	17
1941	118
1942	821
1943	241
1944	355
1945	222
1946	100
1947	3
1948	1227
1949	849
1950	241
1951	670
1952	1742
1953	849
1954	1428
1955	441
1956	1277
1957	1362
1958	835
1959	242
1960	976
1961	366
1962	71
1963	1352
1964	1585
1965	144
1966	1428
1967	83
1968	173
1969	1842
1970	427
1971	403
1972	165
1973	457
1974	9
1975	62
1976	214
1977	1327
1978	403
1979	1874
1980	317
1981	1791
1982	340
1983	282
1984	54
1985	0
1986	326
1987	409
1988	244
1989	429
1990	244
1991	572
1992	483
1993	176
1994	284
1995	1264
1996	337
1997	52
1998	703
1999	39
2000	165
2001	146
2002	56
2003	31
2004	388
2005	67
2006	952
2007	994
2008	29
2009	479
2010	62
2011	482
2012	1101
2013	639
2014	59
2015	743
2016	74
2017	102
2018	234
2019	659
2020	288
2021	151
2022	881
2023	669
2024	546
2025	128
2026	379
2027	843
2028	381
2029	846
2030	524
2031	1209
2032	72
2033	1098
2034	943
2035	595
2036	903
2037	3
2038	758
2039	1320
2040	40
2041	381
2042	311
2043	419
2044	1650
2045	1565
2046	528
2047	407
2048	35
2049	615
2050	168
2051	5
2052	1379
2053	160
2054	627
2055	849
2056	1142
2057	326
2058	968
2059	994
2060	376
2061	246
2062	280
2063	1247
2064	15
2065	110
2066	83
2067	184
2068	437
2069	601
2070	825
2071	1436
2072	1360
2073	421
2074	208
2075	83
2076	638
2077	1
2078	1361
2079	20
2080	170
2081	29
2082	1443
2083	362
2084	64
2085	531
2086	1
2087	39
2088	401
2089	517
2090	350
2091	1219
2092	1450
2093	175
2094	178
2095	113
2096	90
2097	1375
2098	92
2099	46
2100	1027
2101	1176
2102	857
2103	492
2104	60
2105	1255
2106	31
2107	272
2108	3
2109	345
2110	239
2111	1716
2112	5
2113	133
2114	175
2115	304
2116	111
2117	781
2118	1633
2119	629
2120	60
2121	600
2122	420
2123	857
2124	1280
2125	1227
2126	272
2127	621
2128	489
2129	469
2130	490
2131	1721
2132	52
2133	280
2134	1098
2135	385
2136	903
2137	1360
2138	985
2139	1247
2140	275
2141	39
2142	3
2143	364
2144	221
2145	214
2146	1842
2147	476
2148	6
2149	1506
2150	260
2151	1155
2152	391
2153	1050
2154	160
2155	102
2156	1336
2157	0
2158	772
2159	143
2160	247
2161	1030
2162	183
2163	105
2164	1480
2165	659
2166	28
2167	138
2168	1482
2169	827
2170	277
2171	716
2172	1312
2173	173
2174	301
2175	281
2176	1539
2177	6
2178	141
2179	1099
2180	1135
2181	66
2182	698
2183	64
2184	1289
2185	103
2186	54
2187	907
2188	341
2189	200
2190	123
2191	30
2192	3
2193	1048
2194	1447
2195	663
2196	16
2197	463
2198	59
2199	99
2200	615
2201	208
2202	93
2203	710
2204	429
2205	103
2206	154
2207	443
2208	335
2209	4
2210	1027
2211	420
2212	381
2213	208
2214	391
2215	710
2216	379
2217	365
2218	702
2219	61
2220	1057
2221	772
2222	778
2223	1393
2224	957
2225	333
2226	417
2227	390
2228	263
2229	201
2230	289
2231	383
2232	94
2233	281
2234	960
2235	859
2236	1464
2237	1125
2238	80
2239	309
2240	366
2241	129
2242	1506
2243	1942
2244	64
2245	582
2246	554
2247	99
2248	335
2249	274
2250	1
2251	467
2252	139
2253	903
2254	489
2255	821
2256	279
2257	988
2258	1429
2259	226
2260	946
2261	1450
2262	417
2263	56
2264	414
2265	237
2266	1209
2267	538
2268	12
2269	657
2270	170
2271	361
2272	712
2273	165
2274	19
2275	1192
2276	1034
2277	772
2278	849
2279	1520
2280	809
2281	1079
2282	353
2283	599
2284	518
2285	143
2286	226
2287	501
2288	155
2289	1072
2290	1352
2291	732
2292	37
2293	1799
2294	364
2295	281
2296	1948
2297	442
2298	7
2299	5
2300	2106
2301	625
2302	164
2303	363
2304	102
2305	1190
2306	128
2307	1196
2308	241
2309	345
2310	601
2311	743
2312	250
2313	373
2314	1017
2315	1357
2316	1428
2317	737
2318	222
2319	1721
2320	245
2321	232
2322	449
2323	1639
2324	449
2325	129
2326	226
2327	184
2328	166
2329	929
2330	2
2331	772
2332	1611
2333	943
2334	444
2335	16
2336	678
2337	1016
2338	408
2339	62
2340	359
2341	673
2342	231
2343	271
2344	213
2345	875
2346	516
2347	1751
2348	2011
2349	1289
2350	70
2351	572
2352	140
2353	443
2354	124
2355	187
2356	735
2357	1895
2358	29
2359	100
2360	504
2361	725
2362	279
2363	537
2364	359
2365	510
2366	381
2367	273
2368	1552
2369	1895
2370	1671
2371	91
2372	720
2373	859
2374	967
2375	1761
2376	144
2377	223
2378	447
2379	11
2380	25
2381	628
2382	715
2383	15
2384	31
2385	103
2386	163
2387	180
2388	149
2389	18
2390	1882
2391	546
2392	931
2393	109
2394	1071
2395	324
2396	1240
2397	12
2398	1414
2399	1540
2400	1696
2401	1644
2402	311
2403	13
2404	914
2405	317
2406	962
2407	22
2408	1098
2409	215
2410	712
2411	312
2412	10
2413	1611
2414	1340
2415	188
2416	1063
2417	844
2418	77
2419	740
2420	50
2421	523
2422	538
2423	642
2424	37
2425	241
2426	604
2427	821
2428	340
2429	1680
2430	1081
2431	30
2432	1803
2433	441
2434	126
2435	658
2436	299
2437	590
2438	58
2439	855
2440	2
2441	450
2442	117
2443	1027
2444	693
2445	804
2446	1063
2447	174
2448	720
2449	528
2450	98
2451	422
2452	378
2453	1071
2454	82
2455	68
2456	273
2457	123
2458	428
2459	522
2460	1255
2461	406
2462	93
2463	36
2464	178
2465	1242
2466	714
2467	741
2468	60
2469	317
2470	443
2471	1198
2472	916
2473	274
2474	1131
2475	125
2476	611
2477	601
2478	1394
2479	420
2480	359
2481	335
2482	1118
2483	241
2484	51
2485	1034
2486	935
2487	155
2488	1203
2489	232
2490	59
2491	1547
2492	443
2493	64
2494	195
2495	844
2496	640
2497	107
2498	21
2499	241
2500	781
2501	936
2502	71
2503	159
2504	996
2505	785
2506	1434
2507	824
2508	379
2509	1485
2510	275
2511	1430
2512	303
2513	51
2514	1325
2515	944
2516	523
2517	621
2518	842
2519	1910
2520	154
2521	22
2522	2076
2523	1457
2524	26
2525	1383
2526	613
2527	214
2528	952
2529	82
2530	1310
2531	847
2532	1028
2533	1193
2534	796
2535	236
2536	876
2537	647
2538	86
2539	160
2540	123
2541	1015
2542	569
2543	226
2544	820
2545	111
2546	1302
2547	480
2548	197
2549	443
2550	366
2551	1639
2552	150
2553	1397
2554	431
2555	699
2556	123
2557	183
2558	724
2559	385
2560	152
2561	491
2562	12
2563	1430
2564	460
2565	473
2566	705
2567	418
2568	241
2569	636
2570	796
2571	636
2572	442
2573	401
2574	1625
2575	827
2576	1448
2577	1778
2578	976
2579	356
2580	600
2581	43
2582	1888
2583	359
2584	1028
2585	2008
2586	416
2587	215
2588	20
2589	340
2590	29
2591	214
2592	165
2593	419
2594	208
2595	154
2596	609
2597	1260
2598	486
2599	175
2600	572
2601	90
2602	36
2603	632
2604	2144
2605	367
2606	265
2607	1562
2608	713
2609	719
2610	175
2611	941
2612	903
2613	437
2614	1048
2615	450
2616	52
2617	76
2618	1465
2619	1118
2620	309
2621	669
2622	547
2623	684
2624	36
2625	174
2626	1240
2627	18
2628	270
2629	113
2630	651
2631	721
2632	1928
2633	387
2634	1380
2635	732
2636	1416
2637	373
2638	184
2639	875
2640	30
2641	1726
2642	59
2643	366
2644	647
2645	1122
2646	1221
2647	666
2648	114
2649	346
2650	52
2651	345
2652	75
2653	2408
2654	2068
2655	208
2656	118
2657	630
2658	79
2659	326
2660	715
2661	208
2662	69
2663	678
2664	28
2665	626
2666	98
2667	1394
2668	941
2669	1721
2670	931
2671	396
2672	443
2673	297
2674	735
2675	1342
2676	1653
2677	1842
2678	1717
2679	732
2680	514
2681	359
2682	871
2683	108
2684	103
2685	9
2686	492
2687	423
2688	1627
2689	1646
2690	34
2691	1401
2692	363
2693	1452
2694	1891
2695	1259
2696	420
2697	241
2698	108
2699	407
2700	447
2701	310
2702	61
2703	421
2704	32
2705	704
2706	310
2707	663
2708	1097
2709	1995
2710	657
2711	148
2712	374
2713	207
2714	820
2715	480
2716	298
2717	2065
2718	406
2719	688
2720	118
2721	270
2722	714
2723	654
2724	141
2725	924
2726	12
2727	2144
2728	913
2729	167
2730	881
2731	14
2732	1073
2733	34
2734	410
2735	57
2736	1471
2737	418
2738	54
2739	364
2740	1073
2741	855
2742	441
2743	1805
2744	45
2745	27
2746	159
2747	17
2748	808
2749	500
2750	19
2751	155
2752	32
2753	835
2754	738
2755	79
2756	537
2757	1053
2758	1078
2759	15
2760	195
2761	340
2762	137
2763	64
2764	609
2765	174
2766	1360
2767	73
2768	211
2769	290
2770	64
2771	159
2772	307
2773	325
2774	321
2775	2275
2776	724
2777	226
2778	56
2779	1249
2780	975
2781	1
2782	149
2783	922
2784	71
2785	270
2786	703
2787	2483
2788	716
2789	716
2790	170
2791	109
2792	620
2793	1401
2794	161
2795	824
2796	35
2797	1790
2798	613
2799	2622
2800	487
2801	59
2802	2792
2803	414
2804	852
2805	138
2806	875
2807	483
2808	1542
2809	420
2810	219
2811	1034
2812	280
2813	875
2814	847
2815	210
2816	541
2817	347
2818	431
2819	947
2820	100
2821	946
2822	28
2823	1247
2824	7
2825	408
2826	1125
2827	1337
2828	171
2829	435
2830	547
2831	636
2832	1432
2833	338
2834	1346
2835	1048
2836	431
2837	475
2838	102
2839	241
2840	1177
2841	1
2842	729
2843	162
2844	1778
2845	1493
2846	149
2847	1965
2848	332
2849	1609
2850	992
2851	1447
2852	899
2853	208
2854	39
2855	354
2856	99
2857	243
2858	431
2859	218
2860	184
2861	527
2862	1092
2863	138
2864	1641
2865	537
2866	31
2867	547
2868	2039
2869	1351
2870	892
2871	101
2872	177
2873	96
2874	193
2875	32
2876	1402
2877	159
2878	102
2879	1308
2880	523
2881	841
2882	736
2883	944
2884	245
2885	337
2886	1521
2887	1471
2888	1554
2889	202
2890	7
2891	567
2892	125
2893	1183
2894	13
2895	1321
2896	671
2897	29
2898	716
2899	9
2900	926
2901	457
2902	0
2903	1586
2904	1030
2905	1394
2906	514
2907	267
2908	209
2909	1359
2910	1168
2911	1370
2912	83
2913	143
2914	618
2915	332
2916	405
2917	293
2918	2038
2919	165
2920	1131
2921	1696
2922	141
2923	547
2924	495
2925	698
2926	12
2927	340
2928	863
2929	109
2930	825
2931	785
2932	418
2933	1251
2934	931
2935	1653
2936	1107
2937	982
2938	380
2939	2708
2940	1049
2941	113
2942	4
2943	1171
2944	1525
2945	314
2946	275
2947	818
2948	36
2949	1965
2950	1030
2951	1952
2952	3
2953	444
2954	418
2955	1025
2956	693
2957	306
2958	159
2959	1455
2960	1799
2961	20
2962	117
2963	52
2964	335
2965	1255
2966	241
2967	1692
2968	1359
2969	367
2970	558
2971	982
2972	107
2973	596
2974	900
2975	1931
2976	1073
2977	183
2978	781
2979	1731
2980	94
2981	173
2982	2419
2983	37
2984	652
2985	1101
2986	5
2987	1900
2988	891
2989	449
2990	1354
2991	350
2992	299
2993	905
2994	2110
2995	480
2996	1289
2997	1183
2998	21
2999	1555
3000	2812
3001	408
3002	817
3003	713
3004	1357
3005	155
3006	250
3007	242
3008	2304
3009	257
3010	223
3011	0
3012	2476
3013	855
3014	160
3015	641
3016	45
3017	264
3018	771
3019	1515
3020	1205
3021	1360
3022	949
3023	233
3024	687
3025	214
3026	988
3027	7
3028	2375
3029	726
3030	1456
3031	315
3032	122
3033	1555
3034	96
3035	7
3036	420
3037	1699
3038	926
3039	899
3040	222
3041	863
3042	109
3043	2657
3044	1965
3045	24
3046	1306
3047	1114
3048	2028
3049	821
3050	15
3051	606
3052	1704
3053	878
3054	636
3055	1027
3056	594
3057	428
3058	852
3059	492
3060	29
3061	1017
3062	805
3063	86
3064	1448
3065	826
3066	1942
3067	436
3068	136
3069	449
3070	1049
3071	683
3072	155
3073	426
3074	1308
3075	99
3076	1370
3077	391
3078	1117
3079	1325
3080	444
3081	15
3082	163
3083	127
3084	2224
3085	57
3086	0
3087	1369
3088	552
3089	94
3090	1871
3091	648
3092	623
3093	18
3094	1332
3095	1942
3096	335
3097	1165
3098	1650
3099	524
3100	375
3101	2380
3102	1528
3103	1098
3104	279
3105	6
3106	1923
3107	1417
3108	2395
3109	20
3110	408
3111	103
3112	275
3113	206
3114	19
3115	640
3116	2
3117	962
3118	1528
3119	399
3120	1716
3121	1979
3122	808
3123	794
3124	690
3125	194
3126	703
3127	143
3128	1177
3129	1871
3130	675
3131	1832
3132	1156
3133	178
3134	326
3135	0
3136	1639
3137	345
3138	1017
3139	1931
3140	1805
3141	64
3142	92
3143	675
3144	457
3145	1555
3146	218
3147	45
3148	921
3149	1078
3150	720
3151	1170
3152	318
3153	2383
3154	1269
3155	539
3156	670
3157	825
3158	1118
3159	463
3160	141
3161	503
3162	824
3163	294
3164	764
3165	497
3166	1176
3167	1431
3168	1447
3169	1663
3170	1493
3171	1144
3172	1163
3173	60
3174	689
3175	1432
3176	239
3177	71
3178	1300
3179	45
3180	1279
3181	340
3182	882
3183	1266
3184	658
3185	149
3186	764
3187	1832
3188	815
3189	141
3190	1553
3191	209
3192	181
3193	340
3194	1609
3195	1961
3196	1116
3197	203
3198	392
3199	1915
3200	1073
3201	8
3202	1474
3203	1631
3204	1699
3205	464
3206	668
3207	574
3208	382
3209	242
3210	2438
3211	183
3212	2408
3213	244
3214	0
3215	62
3216	1731
3217	279
3218	250
3219	818
3220	241
3221	716
3222	114
3223	993
3224	482
3225	1118
3226	851
3227	38
3228	435
3229	202
3230	1079
3231	1568
3232	2089
3233	1247
3234	20
3235	144
3236	778
3237	152
3238	366
3239	1871
3240	211
3241	609
3242	1031
3243	1389
3244	919
3245	624
3246	289
3247	1081
3248	481
3249	794
3250	241
3251	1820
3252	1054
3253	1627
3254	13
3255	75
3256	1319
3257	1646
3258	116
3259	1368
3260	1550
3261	21
3262	45
3263	833
3264	327
3265	26
3266	115
3267	171
3268	362
3269	1161
3270	778
3271	164
3272	1
3273	90
3274	352
3275	30
3276	881
3277	510
3278	2156
3279	1179
3280	267
3281	409
3282	902
3283	6
3284	252
3285	1954
3286	837
3287	223
3288	50
3289	8
3290	29
3291	62
3292	1692
3293	272
3294	565
3295	1774
3296	631
3297	809
3298	47
3299	232
3300	1177
3301	892
3302	860
3303	73
3304	812
3305	1424
3306	834
3307	675
3308	627
3309	68
3310	1832
3311	931
3312	714
3313	484
3314	604
3315	1346
3316	642
3317	44
3318	542
3319	174
3320	723
3321	177
3322	2106
3323	1577
3324	143
3325	103
3326	2412
3327	152
3328	1436
3329	1171
3330	1753
3331	1988
3332	1239
3333	232
3334	416
3335	842
3336	1615
3337	326
3338	2
3339	1063
3340	1023
3341	1365
3342	1368
3343	152
3344	940
3345	870
3346	1502
3347	1304
3348	190
3349	1268
3350	78
3351	1943
3352	850
3353	1633
3354	620
3355	45
3356	1663
3357	689
3358	1319
3359	423
3360	1711
3361	76
3362	71
3363	25
3364	658
3365	1210
3366	732
3367	258
3368	444
3369	821
3370	1756
3371	1888
3372	1078
3373	2042
3374	958
3375	370
3376	595
3377	1203
3378	1188
3379	361
3380	3
3381	378
3382	114
3383	483
3384	13
3385	579
3386	423
3387	547
3388	522
3389	123
3390	9
3391	901
3392	312
3393	420
3394	203
3395	525
3396	69
3397	259
3398	693
3399	701
3400	520
3401	0
3402	19
3403	554
3404	1903
3405	107
3406	1357
3407	425
3408	8
3409	229
3410	1329
3411	761
3412	958
3413	102
3414	249
3415	84
3416	2763
3417	2224
3418	1663
3419	562
3420	2774
3421	257
3422	833
3423	488
3424	483
3425	239
3426	157
3427	827
3428	130
3429	52
3430	1804
3431	83
3432	528
3433	597
3434	2039
3435	713
3436	785
3437	2585
3438	67
3439	2920
3440	2110
3441	335
3442	54
3443	196
3444	48
3445	3247
3446	1716
3447	264
3448	2596
3449	1431
3450	337
3451	1609
3452	1426
3453	636
3454	717
3455	149
3456	1908
3457	34
3458	949
3459	354
3460	2465
3461	1452
3462	2179
3463	556
3464	2074
3465	2124
3466	3061
3467	1043
3468	2023
3469	1350
3470	669
3471	1933
3472	1671
3473	177
3474	983
3475	1341
3476	2134
3477	1328
3478	69
3479	1198
3480	1310
3481	2106
3482	1212
3483	241
3484	1663
3485	31
3486	474
3487	50
3488	1610
3489	590
3490	484
3491	31
3492	1080
3493	499
3494	1553
3495	1274
3496	689
3497	604
3498	847
3499	1525
3500	1349
3501	140
3502	1945
3503	441
3504	658
3505	1804
3506	645
3507	99
3508	27
3509	18
3510	301
3511	922
3512	399
3513	1080
3514	25
3515	275
3516	352
3517	602
3518	127
3519	27
3520	1420
3521	155
3522	103
3523	800
3524	1731
3525	1089
3526	857
3527	583
3528	1981
3529	200
3530	815
3531	1108
3532	453
3533	401
3534	1343
3535	1013
3536	465
3537	476
3538	275
3539	785
3540	1123
3541	498
3542	252
3543	147
3544	1704
3545	619
3546	1324
3547	3321
3548	200
3549	118
3550	141
3551	2749
3552	540
3553	155
3554	761
3555	908
3556	1402
3557	214
3558	636
3559	1386
3560	502
3561	31
3562	1217
3563	287
3564	1416
3565	357
3566	1979
3567	271
3568	108
3569	928
3570	1897
3571	2860
3572	23
3573	0
3574	1905
3575	958
3576	552
3577	216
3578	957
3579	716
3580	476
3581	112
3582	1900
3583	122
3584	179
3585	122
3586	546
3587	35
3588	60
3589	19
3590	141
3591	221
3592	106
3593	88
3594	501
3595	1477
3596	9
3597	779
3598	2932
3599	260
3600	1676
3601	859
3602	1676
3603	1245
3604	743
3605	681
3606	180
3607	209
3608	2060
3609	772
3610	2359
3611	833
3612	546
3613	69
3614	868
3615	1049
3616	539
3617	642
3618	449
3619	15
3620	2899
3621	238
3622	658
3623	719
3624	691
3625	452
3626	128
3627	315
3628	821
3629	113
3630	1022
3631	928
3632	232
3633	740
3634	125
3635	371
3636	1193
3637	20
3638	869
3639	20
3640	1
3641	578
3642	702
3643	5
3644	572
3645	989
3646	373
3647	572
3648	1034
3649	1429
3650	14
3651	157
3652	170
3653	209
3654	1757
3655	116
3656	1822
3657	1358
3658	852
3659	1819
3660	440
3661	989
3662	585
3663	1650
3664	92
3665	523
3666	504
3667	396
3668	333
3669	1150
3670	55
3671	208
3672	1790
3673	692
3674	36
3675	1187
3676	7
3677	71
3678	1224
3679	173
3680	1427
3681	1339
3682	59
3683	1043
3684	926
3685	1676
3686	166
3687	547
3688	1528
3689	1548
3690	859
3691	47
3692	639
3693	1582
3694	1164
3695	1946
3696	94
3697	29
3698	2429
3699	710
3700	701
3701	267
3702	713
3703	1238
3704	36
3705	682
3706	1183
3707	620
3708	274
3709	3321
3710	1775
3711	231
3712	1811
3713	612
3714	1150
3715	140
3716	37
3717	31
3718	1171
3719	229
3720	1144
3721	798
3722	2940
3723	1298
3724	2167
3725	682
3726	792
3727	1420
3728	84
3729	138
3730	103
3731	552
3732	547
3733	343
3734	27
3735	1644
3736	440
3737	53
3738	88
3739	552
3740	1482
3741	1376
3742	222
3743	1166
3744	440
3745	2681
3746	1206
3747	13
3748	366
3749	1474
3750	99
3751	378
3752	7
3753	3320
3754	660
3755	699
3756	1915
3757	108
3758	340
3759	1838
3760	823
3761	1370
3762	2899
3763	1419
3764	1966
3765	2615
3766	13
3767	211
3768	1933
3769	3126
3770	820
3771	441
3772	107
3773	28
3774	213
3775	237
3776	1730
3777	1942
3778	287
3779	130
3780	1245
3781	1344
3782	496
3783	228
3784	1327
3785	69
3786	216
3787	429
3788	718
3789	190
3790	990
3791	497
3792	1563
3793	426
3794	2408
3795	1062
3796	2320
3797	1078
3798	2477
3799	330
3800	100
3801	44
3802	3
3803	1756
3804	0
3805	1643
3806	104
3807	84
3808	3015
3809	967
3810	53
3811	2465
3812	1336
3813	114
3814	1343
3815	7
3816	103
3817	1027
3818	1142
3819	2888
3820	352
3821	761
3822	237
3823	648
3824	2105
3825	779
3826	109
3827	86
3828	157
3829	1226
3830	1979
3831	507
3832	514
3833	519
3834	1
3835	34
3836	1235
3837	7
3838	248
3839	1882
3840	250
3841	149
3842	107
3843	659
3844	626
3845	2028
3846	604
3847	1295
3848	1062
3849	881
3850	716
3851	1108
3852	1449
3853	2038
3854	508
3855	986
3856	609
3857	367
3858	93
3859	1669
3860	379
3861	620
3862	299
3863	208
3864	228
3865	2146
3866	510
3867	129
3868	2942
3869	2320
3870	766
3871	6
3872	144
3873	137
3874	2441
3875	2826
3876	94
3877	663
3878	55
3879	1308
3880	883
3881	1222
3882	1360
3883	109
3884	484
3885	552
3886	1352
3887	2933
3888	55
3889	848
3890	480
3891	379
3892	159
3893	1701
3894	771
3895	396
3896	540
3897	268
3898	190
3899	1962
3900	927
3901	597
3902	696
3903	135
3904	556
3905	2616
3906	242
3907	3154
3908	1325
3909	438
3910	1127
3911	475
3912	2032
3913	39
3914	26
3915	3295
3916	1471
3917	1068
3918	1424
3919	731
3920	670
3921	705
3922	309
3923	1773
3924	25
3925	1388
3926	1895
3927	212
3928	25
3929	90
3930	114
3931	1627
3932	21
3933	1548
3934	1865
3935	1217
3936	343
3937	2134
3938	622
3939	550
3940	4
3941	1420
3942	145
3943	640
3944	1401
3945	440
3946	260
3947	1953
3948	2018
3949	713
3950	1976
3951	2398
3952	3444
3953	918
3954	3361
3955	1522
3956	221
3957	812
3958	1039
3959	1771
3960	1301
3961	2496
3962	673
3963	743
3964	3905
3965	497
3966	2469
3967	15
3968	1197
3969	644
3970	1272
3971	1330
3972	428
3973	1931
3974	2194
3975	3299
3976	200
3977	716
3978	2105
3979	693
3980	248
3981	538
3982	1295
3983	582
3984	3372
3985	140
3986	1775
3987	133
3988	2
3989	2670
3990	1638
3991	1474
3992	48
3993	1085
3994	713
3995	3360
3996	1060
3997	36
3998	184
3999	2065
4000	2238
4001	1792
4002	397
4003	2651
4004	132
4005	1631
4006	1155
4007	43
4008	1615
4009	771
4010	1495
4011	3161
4012	963
4013	1013
4014	228
4015	609
4016	171
4017	1159
4018	99
4019	857
4020	594
4021	77
4022	939
4023	1124
4024	1183
4025	1474
4026	1171
4027	522
4028	934
4029	268
4030	518
4031	658
4032	841
4033	45
4034	3798
4035	1822
4036	1266
4037	1278
4038	171
4039	14
4040	1615
4041	2612
4042	2227
4043	215
4044	678
4045	1196
4046	165
4047	173
4048	761
4049	436
4050	1916
4051	1197
4052	1176
4053	620
4054	1250
4055	2721
4056	872
4057	210
4058	424
4059	325
4060	1931
4061	154
4062	633
4063	1122
4064	2356
4065	2349
4066	636
4067	431
4068	119
4069	196
4070	340
4071	633
4072	1460
4073	1867
4074	1256
4075	69
4076	1429
4077	59
4078	44
4079	983
4080	33
4081	208
4082	325
4083	1442
4084	1031
4085	215
4086	201
4087	8
4088	268
4089	605
4090	1606
4091	213
4092	170
4093	149
4094	1726
4095	742
4096	82
4097	1068
4098	258
4099	738
4100	517
4101	1047
4102	1424
4103	945
4104	234
4105	428
4106	21
4107	1654
4108	374
4109	338
4110	601
4111	1515
4112	2813
4113	102
4114	3789
4115	2251
4116	140
4117	2161
4118	1247
4119	935
4120	1424
4121	96
4122	968
4123	13
4124	1357
4125	145
4126	1247
4127	344
4128	225
4129	55
4130	1099
4131	2395
4132	86
4133	514
4134	82
4135	647
4136	767
4137	1731
4138	778
4139	1355
4140	499
4141	594
4142	1491
4143	2289
4144	1582
4145	176
4146	321
4147	1406
4148	36
4149	1351
4150	609
4151	1345
4152	3
4153	12
4154	2226
4155	1370
4156	968
4157	369
4158	2039
4159	815
4160	443
4161	1565
4162	272
4163	2436
4164	3150
4165	1987
4166	710
4167	345
4168	95
4169	7
4170	25
4171	8
4172	733
4173	481
4174	674
4175	18
4176	490
4177	1528
4178	1141
4179	2988
4180	334
4181	226
4182	549
4183	3247
4184	279
4185	758
4186	27
4187	1434
4188	1324
4189	1219
4190	761
4191	928
4192	1956
4193	2749
4194	232
4195	1456
4196	290
4197	381
4198	31
4199	202
4200	8
4201	456
4202	24
4203	1647
4204	1740
4205	345
4206	1349
4207	2613
4208	1176
4209	392
4210	3154
4211	1953
4212	2488
4213	244
4214	1
4215	287
4216	1446
4217	4106
4218	3015
4219	3039
4220	684
4221	832
4222	294
4223	457
4224	663
4225	1585
4226	1832
4227	122
4228	6
4229	527
4230	1698
4231	670
4232	1017
4233	3290
4234	1196
4235	368
4236	366
4237	659
4238	1837
4239	3067
4240	2
4241	581
4242	530
4243	1388
4244	345
4245	206
4246	1031
4247	2211
4248	123
4249	425
4250	350
4251	2626
4252	1409
4253	1299
4254	354
4255	832
4256	2555
4257	365
4258	252
4259	742
4260	1819
4261	1936
4262	1393
4263	743
4264	1363
4265	648
4266	1429
4267	190
4268	239
4269	1834
4270	313
4271	441
4272	932
4273	387
4274	132
4275	2697
4276	27
4277	875
4278	218
4279	465
4280	214
4281	1210
4282	183
4283	1603
4284	982
4285	724
4286	1488
4287	274
4288	1685
4289	2320
4290	3574
4291	483
4292	1308
4293	2141
4294	1416
4295	119
4296	465
4297	30
4298	335
4299	957
4300	20
4301	272
4302	343
4303	937
4304	3143
4305	918
4306	2423
4307	518
4308	102
4309	2177
4310	241
4311	1280
4312	1758
4313	1477
4314	412
4315	43
4316	522
4317	279
4318	44
4319	29
4320	2582
4321	2753
4322	449
4323	3250
4324	765
4325	1821
4326	353
4327	764
4328	1574
4329	275
4330	1166
4331	2078
4332	101
4333	39
4334	168
4335	122
4336	609
4337	80
4338	357
4339	1788
4340	2662
4341	482
4342	50
4343	1578
4344	472
4345	613
4346	133
4347	83
4348	509
4349	372
4350	3154
4351	2187
4352	479
4353	242
4354	299
4355	1548
4356	241
4357	800
4358	1978
4359	2276
4360	3731
4361	18
4362	617
4363	29
4364	453
4365	1210
4366	166
4367	17
4368	166
4369	1361
4370	0
4371	358
4372	1966
4373	1698
4374	1196
4375	1274
4376	343
4377	335
4378	114
4379	190
4380	340
4381	1965
4382	503
4383	55
4384	118
4385	101
4386	2322
4387	2742
4388	905
4389	173
4390	982
4391	1953
4392	1065
4393	867
4394	2124
4395	821
4396	1908
4397	1961
4398	69
4399	2723
4400	881
4401	1806
4402	855
4403	428
4404	3422
4405	1837
4406	2532
4407	3421
4408	583
4409	17
4410	1554
4411	1273
4412	25
4413	1804
4414	118
4415	2523
4416	715
4417	879
4418	2224
4419	24
4420	478
4421	2929
4422	1537
4423	3244
4424	1837
4425	104
4426	2615
4427	2250
4428	2694
4429	949
4430	1470
4431	2566
4432	123
4433	447
4434	565
4435	1897
4436	820
4437	482
4438	2578
4439	123
4440	318
4441	970
4442	425
4443	2205
4444	1137
4445	873
4446	596
4447	1097
4448	252
4449	517
4450	529
4451	409
4452	382
4453	821
4454	1452
4455	1482
4456	921
4457	692
4458	93
4459	346
4460	699
4461	486
4462	136
4463	40
4464	317
4465	718
4466	1063
4467	3473
4468	31
4469	365
4470	72
4471	2298
4472	130
4473	378
4474	43
4475	829
4476	132
4477	1025
4478	440
4479	428
4480	809
4481	801
4482	710
4483	61
4484	806
4485	1429
4486	526
4487	27
4488	599
4489	1023
4490	497
4491	1256
4492	1895
4493	1368
4494	2023
4495	1203
4496	1862
4497	372
4498	595
4499	3905
4500	1829
4501	816
4502	343
4503	149
4504	2104
4505	1351
4506	879
4507	233
4508	1598
4509	869
4510	244
4511	407
4512	2746
4513	101
4514	1966
4515	3907
4516	710
4517	1428
4518	1515
4519	1923
4520	1345
4521	522
4522	2645
4523	231
4524	837
4525	895
4526	3027
4527	934
4528	483
4529	250
4530	292
4531	206
4532	1509
4533	1409
4534	232
4535	2587
4536	54
4537	436
4538	775
4539	222
4540	2958
4541	1015
4542	181
4543	494
4544	100
4545	49
4546	68
4547	1442
4548	1134
4549	2046
4550	224
4551	2694
4552	1743
4553	1872
4554	3932
4555	3720
4556	1826
4557	1916
4558	805
4559	2502
4560	1173
4561	312
4562	860
4563	350
4564	3237
4565	1042
4566	875
4567	1505
4568	279
4569	826
4570	108
4571	123
4572	2697
4573	54
4574	375
4575	6
4576	86
4577	3180
4578	3030
4579	1871
4580	2570
4581	50
4582	1451
4583	483
4584	556
4585	298
4586	416
4587	702
4588	1611
4589	3438
4590	519
4591	3102
4592	1017
4593	1379
4594	370
4595	3576
4596	162
4597	1362
4598	62
4599	1197
4600	341
4601	943
4602	39
4603	2076
4604	542
4605	3488
4606	35
4607	129
4608	436
4609	1
4610	939
4611	366
4612	1836
4613	277
4614	1676
4615	3789
4616	1998
4617	1168
4618	1799
4619	640
4620	50
4621	670
4622	801
4623	722
4624	353
4625	379
4626	290
4627	1300
4628	2158
4629	2376
4630	1114
4631	130
4632	691
4633	604
4634	1792
4635	1122
4636	2649
4637	12
4638	638
4639	685
4640	1030
4641	1586
4642	3177
4643	1219
4644	1401
4645	499
4646	1650
4647	3942
4648	581
4649	2851
4650	1942
4651	72
4652	1976
4653	2841
4654	601
4655	945
4656	1758
4657	232
4658	1067
4659	547
4660	1418
4661	1173
4662	1688
4663	788
4664	1874
4665	1274
4666	2228
4667	2097
4668	2
4669	211
4670	2302
4671	822
4672	4038
4673	867
4674	1222
4675	2453
4676	2864
4677	87
4678	844
4679	692
4680	194
4681	3169
4682	50
4683	3039
4684	199
4685	232
4686	1108
4687	860
4688	829
4689	1210
4690	478
4691	1401
4692	311
4693	1171
4694	1704
4695	1817
4696	1542
4697	71
4698	2876
4699	1117
4700	2105
4701	684
4702	788
4703	1020
4704	417
4705	1379
4706	1488
4707	2350
4708	38
4709	159
4710	1308
4711	1191
4712	2208
4713	52
4714	621
4715	2361
4716	905
4717	351
4718	4462
4719	17
4720	899
4721	33
4722	58
4723	82
4724	406
4725	2028
4726	1324
4727	2130
4728	478
4729	2339
4730	843
4731	627
4732	2246
4733	474
4734	3162
4735	479
4736	1306
4737	310
4738	93
4739	1101
4740	1779
4741	604
4742	325
4743	499
4744	378
4745	815
4746	21
4747	245
4748	1028
4749	2984
4750	245
4751	228
4752	423
4753	1491
4754	1602
4755	1867
4756	3482
4757	947
4758	424
4759	501
4760	4151
4761	347
4762	1269
4763	1379
4764	255
4765	1961
4766	2286
4767	313
4768	29
4769	1441
4770	29
4771	1318
4772	990
4773	110
4774	632
4775	138
4776	1090
4777	1253
4778	1433
4779	3740
4780	3205
4781	197
4782	272
4783	1363
4784	73
4785	671
4786	720
4787	122
4788	1783
4789	1310
4790	1613
4791	602
4792	480
4793	1084
4794	337
4795	2749
4796	2119
4797	1280
4798	3364
4799	844
4800	486
4801	2114
4802	2839
4803	800
4804	1328
4805	396
4806	214
4807	3893
4808	698
4809	145
4810	1623
4811	2091
4812	2520
4813	700
4814	1495
4815	2389
4816	4189
4817	1554
4818	1
4819	3789
4820	387
4821	2753
4822	29
4823	900
4824	424
4825	950
4826	2984
4827	841
4828	3892
4829	222
4830	20
4831	1700
4832	1767
4833	1144
4834	27
4835	787
4836	11
4837	1685
4838	1858
4839	110
4840	139
4841	93
4842	2446
4843	1245
4844	361
4845	112
4846	299
4847	146
4848	1515
4849	3662
4850	855
4851	573
4852	2349
4853	2267
4854	352
4855	685
4856	419
4857	2375
4858	872
4859	1971
4860	713
4861	1670
4862	74
4863	2074
4864	4409
4865	531
4866	290
4867	821
4868	1325
4869	854
4870	84
4871	823
4872	476
4873	2396
4874	1449
4875	3924
4876	388
4877	2414
4878	2768
4879	409
4880	855
4881	6
4882	11
4883	297
4884	159
4885	117
4886	7
4887	106
4888	1770
4889	1196
4890	844
4891	3441
4892	2108
4893	2130
4894	384
4895	604
4896	533
4897	669
4898	4038
4899	788
4900	800
4901	228
4902	507
4903	1931
4904	2456
4905	2669
4906	1221
4907	214
4908	189
4909	573
4910	2789
4911	84
4912	1704
4913	1448
4914	3064
4915	978
4916	24
4917	922
4918	420
4919	555
4920	1719
4921	678
4922	139
4923	3592
4924	2825
4925	2289
4926	1312
4927	312
4928	1337
4929	530
4930	2110
4931	1325
4932	803
4933	1563
4934	2663
4935	1117
4936	2409
4937	108
4938	1122
4939	240
4940	3760
4941	510
4942	38
4943	959
4944	1369
4945	2386
4946	444
4947	823
4948	1304
4949	1310
4950	1
4951	3338
4952	30
4953	1865
4954	30
4955	2438
4956	627
4957	321
4958	340
4959	1023
4960	1015
4961	443
4962	1568
4963	3102
4964	97
4965	594
4966	1899
4967	428
4968	464
4969	143
4970	1068
4971	724
4972	1427
4973	363
4974	294
4975	1620
4976	927
4977	1081
4978	3391
4979	427
4980	1948
4981	808
4982	1218
4983	831
4984	284
4985	1303
4986	3407
4987	3359
4988	440
4989	1331
4990	3302
4991	1776
4992	1482
4993	74
4994	823
4995	4520
4996	487
4997	1751
4998	62
4999	546
5000	1312
5001	3160
5002	2509
5003	1279
5004	2199
5005	530
5006	3247
5007	2221
5008	4377
5009	7
5010	3439
5011	1587
5012	264
5013	1185
5014	468
5015	2774
5016	1480
5017	260
5018	1036
5019	340
5020	290
5021	999
5022	396
5023	4294
5024	3424
5025	960
5026	270
5027	446
5028	2114
5029	1617
5030	1191
5031	1068
5032	840
5033	1152
5034	1246
5035	737
5036	241
5037	1813
5038	383
5039	483
5040	881
5041	527
5042	152
5043	8
5044	528
5045	4382
5046	1901
5047	1524
5048	2226
5049	2834
5050	203
5051	2246
5052	1533
5053	168
5054	29
5055	100
5056	347
5057	1432
5058	1383
5059	151
5060	1106
5061	2669
5062	544
5063	1699
5064	1548
5065	2163
5066	4593
5067	914
5068	31
5069	539
5070	3438
5071	508
5072	743
5073	436
5074	232
5075	47
5076	383
5077	836
5078	12
5079	1832
5080	4106
5081	3224
5082	3592
5083	207
5084	2359
5085	464
5086	464
5087	386
5088	1210
5089	206
5090	3540
5091	3329
5092	667
5093	1858
5094	1901
5095	301
5096	740
5097	968
5098	1545
5099	135
5100	939
5101	1116
5102	1479
5103	1406
5104	2152
5105	1088
5106	1420
5107	1711
5108	1017
5109	18
5110	976
5111	2528
5112	984
5113	452
5114	529
5115	1438
5116	128
5117	3247
5118	3918
5119	1268
5120	295
5121	1343
5122	1467
5123	501
5124	130
5125	1836
5126	2503
5127	1193
5128	80
5129	986
5130	1124
5131	1325
5132	220
5133	1558
5134	1138
5135	4754
5136	934
5137	913
5138	212
5139	1269
5140	1874
5141	527
5142	2476
5143	370
5144	2744
5145	2161
5146	2895
5147	1116
5148	484
5149	2836
5150	1462
5151	732
5152	44
5153	3174
5154	4110
5155	1888
5156	2508
5157	1548
5158	146
5159	547
5160	569
5161	2170
5162	1291
5163	2288
5164	1238
5165	520
5166	1127
5167	688
5168	601
5169	815
5170	1983
5171	1345
5172	4048
5173	546
5174	374
5175	4008
5176	465
5177	670
5178	1658
5179	634
5180	828
5181	2693
5182	4172
5183	1426
5184	1765
5185	612
5186	1719
5187	71
5188	1060
5189	129
5190	963
5191	2774
5192	210
5193	1337
5194	2724
5195	1023
5196	1495
5197	119
5198	59
5199	1909
5200	687
5201	343
5202	2250
5203	1502
5204	203
5205	1362
5206	256
5207	1193
5208	200
5209	301
5210	2
5211	1525
5212	778
5213	647
5214	83
5215	274
5216	1663
5217	18
5218	144
5219	3786
5220	1072
5221	2657
5222	2378
5223	242
5224	549
5225	3027
5226	1451
5227	1293
5228	2323
5229	345
5230	622
5231	1836
5232	1
5233	3829
5234	229
5235	148
5236	724
5237	35
5238	692
5239	2187
5240	1222
5241	3585
5242	362
5243	1472
5244	4156
5245	130
5246	821
5247	2942
5248	648
5249	1796
5250	3430
5251	59
5252	1610
5253	1704
5254	362
5255	500
5256	1200
5257	2040
5258	1490
5259	2710
5260	3209
5261	416
5262	42
5263	684
5264	639
5265	1711
5266	2792
5267	742
5268	344
5269	146
5270	5126
5271	300
5272	713
5273	1362
5274	127
5275	2424
5276	4791
5277	165
5278	4219
5279	3174
5280	195
5281	2657
5282	5
5283	809
5284	5
5285	373
5286	2347
5287	517
5288	2121
5289	2558
5290	368
5291	2172
5292	2763
5293	140
5294	1751
5295	164
5296	132
5297	2770
5298	170
5299	466
5300	2070
5301	147
5302	4364
5303	1144
5304	4007
5305	139
5306	2129
5307	2694
5308	2746
5309	2887
5310	1309
5311	1602
5312	2572
5313	1880
5314	891
5315	125
5316	2792
5317	4159
5318	3360
5319	595
5320	1063
5321	326
5322	101
5323	1048
5324	1212
5325	1750
5326	139
5327	360
5328	1627
5329	301
5330	690
5331	99
5332	107
5333	52
5334	295
5335	1607
5336	223
5337	992
5338	1804
5339	2847
5340	944
5341	833
5342	127
5343	1324
5344	1377
5345	1953
5346	609
5347	1460
5348	3180
5349	543
5350	45
5351	244
5352	8
5353	2865
5354	44
5355	209
5356	2968
5357	2577
5358	2130
5359	422
5360	3439
5361	2875
5362	2124
5363	1165
5364	3950
5365	3301
5366	478
5367	3421
5368	2313
5369	3885
5370	1489
5371	101
5372	2164
5373	4954
5374	880
5375	1287
5376	548
5377	283
5378	2745
5379	3644
5380	10
5381	4791
5382	472
5383	973
5384	80
5385	84
5386	967
5387	924
5388	282
5389	76
5390	1923
5391	901
5392	3097
5393	687
5394	50
5395	445
5396	1329
5397	2799
5398	1421
5399	2748
5400	418
5401	152
5402	1067
5403	1176
5404	100
5405	1269
5406	2350
5407	801
5408	203
5409	814
5410	2320
5411	719
5412	2721
5413	1548
5414	1255
5415	232
5416	436
5417	963
5418	3956
5419	3085
5420	233
5421	3630
5422	1081
5423	105
5424	337
5425	495
5426	1346
5427	289
5428	1838
5429	2693
5430	130
5431	1742
5432	713
5433	3616
5434	335
5435	7
5436	31
5437	2213
5438	93
5439	2283
5440	717
5441	689
5442	1961
5443	2105
5444	1478
5445	912
5446	1413
5447	1231
5448	1088
5449	607
5450	284
5451	219
5452	1995
5453	3441
5454	2600
5455	4430
5456	495
5457	3347
5458	716
5459	833
5460	69
5461	392
5462	1771
5463	732
5464	146
5465	4382
5466	2989
5467	612
5468	1491
5469	1609
5470	804
5471	1145
5472	238
5473	678
5474	287
5475	302
5476	3399
5477	310
5478	4352
5479	31
5480	347
5481	3585
5482	562
5483	504
5484	1134
5485	1377
5486	973
5487	1641
5488	354
5489	617
5490	380
5491	2746
5492	916
5493	262
5494	3875
5495	1087
5496	1715
5497	228
5498	4034
5499	196
5500	1329
5501	1117
5502	22
5503	1285
5504	606
5505	121
5506	696
5507	3403
5508	1457
5509	1193
5510	174
5511	213
5512	1103
5513	166
5514	716
5515	293
5516	1150
5517	1120
5518	333
5519	1183
5520	1279
5521	390
5522	1457
5523	740
5524	143
5525	1161
5526	1032
5527	2940
5528	3871
5529	2010
5530	446
5531	605
5532	1254
5533	1414
5534	3736
5535	56
5536	1629
5537	3024
5538	2051
5539	219
5540	1227
5541	879
5542	508
5543	31
5544	59
5545	1320
5546	4050
5547	2436
5548	60
5549	438
5550	2973
5551	1690
5552	2471
5553	838
5554	79
5555	3869
5556	868
5557	1928
5558	404
5559	1993
5560	3001
5561	2276
5562	857
5563	443
5564	4824
5565	274
5566	244
5567	2847
5568	230
5569	2138
5570	438
5571	689
5572	143
5573	1792
5574	2805
5575	429
5576	1822
5577	540
5578	369
5579	1254
5580	78
5581	738
5582	71
5583	4094
5584	43
5585	443
5586	3130
5587	4791
5588	380
5589	986
5590	909
5591	3340
5592	1268
5593	2187
5594	88
5595	1607
5596	1509
5597	3813
5598	4979
5599	1609
5600	844
5601	1108
5602	1988
5603	4311
5604	69
5605	409
5606	3589
5607	4156
5608	42
5609	2749
5610	86
5611	2172
5612	65
5613	387
5614	3160
5615	914
5616	4050
5617	179
5618	107
5619	517
5620	3430
5621	4853
5622	1480
5623	1946
5624	1720
5625	1152
5626	3589
5627	1380
5628	93
5629	1899
5630	1223
5631	2477
5632	455
5633	3362
5634	1476
5635	4430
5636	29
5637	222
5638	95
5639	1981
5640	361
5641	173
5642	2378
5643	1540
5644	2389
5645	3798
5646	4191
5647	2582
5648	453
5649	309
5650	581
5651	44
5652	881
5653	1496
5654	917
5655	1330
5656	345
5657	1442
5658	454
5659	968
5660	26
5661	2420
5662	3385
5663	51
5664	31
5665	3441
5666	502
5667	2246
5668	2356
5669	604
5670	2070
5671	224
5672	107
5673	2071
5674	1218
5675	1575
5676	2954
5677	542
5678	404
5679	3057
5680	161
5681	859
5682	4540
5683	26
5684	468
5685	508
5686	1309
5687	860
5688	130
5689	430
5690	1516
5691	1520
5692	1047
5693	769
5694	345
5695	1889
5696	1533
5697	1602
5698	949
5699	2119
5700	1210
5701	478
5702	168
5703	939
5704	94
5705	3332
5706	3993
5707	1678
5708	363
5709	3250
5710	1122
5711	1471
5712	26
5713	1430
5714	1385
5715	222
5716	2952
5717	350
5718	2625
5719	149
5720	1517
5721	387
5722	850
5723	841
5724	976
5725	314
5726	1987
5727	615
5728	3430
5729	4394
5730	2622
5731	2723
5732	1742
5733	1073
5734	118
5735	4352
5736	2331
5737	808
5738	1931
5739	1487
5740	64
5741	960
5742	1799
5743	119
5744	34
5745	56
5746	713
5747	173
5748	2898
5749	1421
5750	2041
5751	4220
5752	871
5753	461
5754	4827
5755	1048
5756	1554
5757	2920
5758	740
5759	114
5760	3936
5761	927
5762	960
5763	1914
5764	940
5765	1636
5766	767
5767	220
5768	250
5769	2929
5770	2030
5771	2739
5772	95
5773	82
5774	1524
5775	4343
5776	1225
5777	1020
5778	2420
5779	1398
5780	364
5781	524
5782	3445
5783	1129
5784	287
5785	716
5786	219
5787	3444
5788	761
5789	228
5790	117
5791	800
5792	1338
5793	442
5794	2924
5795	101
5796	3754
5797	1522
5798	1812
5799	2330
5800	3222
5801	1615
5802	2163
5803	125
5804	609
5805	1841
5806	486
5807	48
5808	1719
5809	200
5810	2453
5811	613
5812	1601
5813	2046
5814	675
5815	3829
5816	1748
5817	160
5818	1080
5819	519
5820	2920
5821	4884
5822	2600
5823	841
5824	57
5825	633
5826	203
5827	1163
5828	844
5829	733
5830	2349
5831	1048
5832	642
5833	3172
5834	2496
5835	126
5836	177
5837	902
5838	2267
5839	910
5840	53
5841	968
5842	2187
5843	171
5844	729
5845	340
5846	1621
5847	1161
5848	507
5849	441
5850	2726
5851	707
5852	220
5853	1148
5854	3907
5855	1048
5856	806
5857	1795
5858	25
5859	1062
5860	639
5861	975
5862	1554
5863	1047
5864	374
5865	2081
5866	174
5867	3933
5868	1089
5869	2571
5870	1060
5871	2677
5872	1756
5873	1198
5874	472
5875	1067
5876	1166
5877	366
5878	3
5879	1038
5880	386
5881	3144
5882	2141
5883	3907
5884	3703
5885	805
5886	476
5887	5753
5888	3121
5889	3332
5890	3649
5891	12
5892	3482
5893	4225
5894	1226
5895	172
5896	3431
5897	479
5898	77
5899	2428
5900	1916
5901	880
5902	1952
5903	1355
5904	345
5905	599
5906	4006
5907	2283
5908	444
5909	33
5910	743
5911	1219
5912	702
5913	307
5914	881
5915	1221
5916	1176
5917	430
5918	1
5919	743
5920	3633
5921	2088
5922	92
5923	5181
5924	2467
5925	4
5926	4080
5927	3247
5928	140
5929	1719
5930	1410
5931	527
5932	1379
5933	190
5934	2770
5935	175
5936	899
5937	2100
5938	4955
5939	1238
5940	883
5941	1986
5942	1200
5943	1353
5944	695
5945	2172
5946	1574
5947	3425
5948	152
5949	352
5950	1251
5951	2744
5952	2161
5953	175
5954	2777
5955	556
5956	82
5957	1432
5958	155
5959	867
5960	2726
5961	1592
5962	1724
5963	14
5964	404
5965	5024
5966	1976
5967	785
5968	1976
5969	4523
5970	312
5971	57
5972	441
5973	2797
5974	84
5975	1505
5976	40
5977	1410
5978	420
5979	2227
5980	738
5981	449
5982	3721
5983	1044
5984	1522
5985	260
5986	56
5987	1542
5988	1196
5989	1080
5990	2920
5991	1377
5992	2622
5993	805
5994	556
5995	1352
5996	30
5997	3829
5998	152
5999	3657
6000	2359
6001	453
6002	4391
6003	24
6004	738
6005	2279
6006	1175
6007	395
6008	4597
6009	1467
6010	4006
6011	2378
6012	1634
6013	639
6014	779
6015	962
6016	652
6017	2746
6018	318
6019	143
6020	119
6021	244
6022	3413
6023	2307
6024	812
6025	4557
6026	1976
6027	6
6028	519
6029	1173
6030	705
6031	2342
6032	38
6033	5107
6034	250
6035	2989
6036	8
6037	347
6038	39
6039	4703
6040	4046
6041	2026
6042	18
6043	53
6044	1686
6045	2710
6046	63
6047	4290
6048	1358
6049	694
6050	8
6051	6
6052	441
6053	2445
6054	436
6055	247
6056	939
6057	713
6058	1475
6059	835
6060	659
6061	17
6062	145
6063	5513
6064	1735
6065	1167
6066	610
6067	2196
6068	2983
6069	733
6070	987
6071	19
6072	2462
6073	139
6074	1255
6075	1682
6076	1721
6077	295
6078	2298
6079	4811
6080	702
6081	4147
6082	561
6083	1600
6084	139
6085	1180
6086	4167
6087	110
6088	382
6089	900
6090	165
6091	1539
6092	5454
6093	2929
6094	791
6095	355
6096	2750
6097	174
6098	340
6099	527
6100	1704
6101	1509
6102	1131
6103	1780
6104	3708
6105	1224
6106	1269
6107	1432
6108	374
6109	361
6110	1324
6111	833
6112	3510
6113	1054
6114	139
6115	1778
6116	604
6117	523
6118	3527
6119	1780
6120	4430
6121	957
6122	62
6123	37
6124	64
6125	179
6126	743
6127	2436
6128	3388
6129	1716
6130	1750
6131	2099
6132	1932
6133	2738
6134	380
6135	2221
6136	1108
6137	3380
6138	969
6139	1587
6140	420
6141	889
6142	787
6143	340
6144	197
6145	428
6146	634
6147	317
6148	769
6149	4585
6150	1842
6151	2129
6152	1117
6153	1745
6154	1670
6155	383
6156	347
6157	1089
6158	4156
6159	98
6160	1355
6161	2678
6162	4726
6163	1395
6164	1838
6165	1761
6166	160
6167	2508
6168	2954
6169	1323
6170	1827
6171	2444
6172	2615
6173	3499
6174	2453
6175	4480
6176	2238
6177	1747
6178	851
6179	170
6180	5537
6181	530
6182	50
6183	1751
6184	3707
6185	1244
6186	212
6187	79
6188	1385
6189	2413
6190	3104
6191	937
6192	2705
6193	4293
6194	499
6195	2380
6196	1642
6197	567
6198	178
6199	97
6200	625
6201	6
6202	2144
6203	1449
6204	1462
6205	1473
6206	1060
6207	2465
6208	4820
6209	157
6210	2134
6211	82
6212	1547
6213	552
6214	4766
6215	58
6216	402
6217	1895
6218	927
6219	1037
6220	30
6221	84
6222	234
6223	4150
6224	3899
6225	1255
6226	1038
6227	440
6228	36
6229	242
6230	60
6231	360
6232	1480
6233	2246
6234	2829
6235	2448
6236	2485
6237	902
6238	383
6239	711
6240	3662
6241	168
6242	2381
6243	1837
6244	2805
6245	418
6246	610
6247	355
6248	590
6249	595
6250	4687
6251	1376
6252	333
6253	145
6254	1735
6255	2672
6256	2382
6257	895
6258	62
6259	538
6260	155
6261	2300
6262	1554
6263	2577
6264	4702
6265	2258
6266	2423
6267	145
6268	2789
6269	2506
6270	2342
6271	3431
6272	155
6273	2423
6274	716
6275	218
6276	1272
6277	1716
6278	2428
6279	180
6280	2413
6281	99
6282	1070
6283	1059
6284	4516
6285	650
6286	921
6287	190
6288	1829
6289	1424
6290	1310
6291	2829
6292	1666
6293	2152
6294	1908
6295	3006
6296	76
6297	50
6298	472
6299	133
6300	849
6301	1243
6302	3512
6303	844
6304	317
6305	1312
6306	2926
6307	440
6308	688
6309	393
6310	214
6311	1299
6312	2146
6313	210
6314	6051
6315	789
6316	1467
6317	2590
6318	122
6319	3512
6320	219
6321	623
6322	2099
6323	2496
6324	64
6325	815
6326	38
6327	4840
6328	3112
6329	2997
6330	62
6331	3
6332	3541
6333	230
6334	1978
6335	684
6336	108
6337	850
6338	1602
6339	3540
6340	2792
6341	523
6342	309
6343	1607
6344	669
6345	0
6346	2900
6347	4023
6348	122
6349	344
6350	2634
6351	2834
6352	47
6353	853
6354	1712
6355	21
6356	3151
6357	2853
6358	4106
6359	3467
6360	5773
6361	3275
6362	1206
6363	1483
6364	79
6365	1901
6366	833
6367	469
6368	644
6369	2740
6370	522
6371	782
6372	1389
6373	74
6374	415
6375	3066
6376	1049
6377	987
6378	1260
6379	1865
6380	962
6381	716
6382	161
6383	1339
6384	3153
6385	420
6386	385
6387	1042
6388	1359
6389	293
6390	64
6391	332
6392	479
6393	76
6394	364
6395	1037
6396	2695
6397	2560
6398	118
6399	1680
6400	1118
6401	2907
6402	361
6403	4849
6404	101
6405	219
6406	448
6407	6
6408	1778
6409	1108
6410	5111
6411	86
6412	3734
6413	5063
6414	530
6415	983
6416	626
6417	5635
6418	660
6419	4393
6420	1704
6421	517
6422	84
6423	2298
6424	1344
6425	29
6426	3630
6427	6051
6428	387
6429	3043
6430	625
6431	48
6432	716
6433	930
6434	1690
6435	1347
6436	1983
6437	3499
6438	2168
6439	1760
6440	1834
6441	754
6442	1357
6443	475
6444	713
6445	291
6446	332
6447	707
6448	1365
6449	1821
6450	2720
6451	990
6452	1459
6453	127
6454	647
6455	1478
6456	785
6457	57
6458	4182
6459	73
6460	72
6461	88
6462	3669
6463	113
6464	312
6465	4228
6466	1944
6467	449
6468	36
6469	1198
6470	3931
6471	404
6472	1029
6473	366
6474	108
6475	1550
6476	418
6477	1192
6478	1465
6479	1542
6480	1103
6481	642
6482	1049
6483	3048
6484	449
6485	2835
6486	249
6487	875
6488	1727
6489	2560
6490	107
6491	2523
6492	384
6493	184
6494	1635
6495	1284
6496	4861
6497	1686
6498	2105
6499	314
6500	1379
6501	3034
6502	19
6503	743
6504	3700
6505	1156
6506	255
6507	2224
6508	471
6509	923
6510	463
6511	4766
6512	959
6513	1354
6514	1799
6515	330
6516	844
6517	4211
6518	32
6519	4755
6520	4770
6521	510
6522	1790
6523	130
6524	1080
6525	1196
6526	1563
6527	372
6528	1319
6529	4212
6530	30
6531	110
6532	709
6533	1489
6534	1028
6535	3556
6536	105
6537	999
6538	1394
6539	295
6540	5952
6541	241
6542	1346
6543	3931
6544	2508
6545	3473
6546	547
6547	1142
6548	1533
6549	3642
6550	2197
6551	528
6552	2
6553	361
6554	3015
6555	6100
6556	4513
6557	5247
6558	99
6559	83
6560	456
6561	3931
6562	351
6563	1165
6564	1123
6565	589
6566	1773
6567	155
6568	1431
6569	4849
6570	852
6571	2078
6572	672
6573	305
6574	2022
6575	130
6576	875
6577	744
6578	3591
6579	194
6580	1360
6581	1866
6582	305
6583	242
6584	3320
6585	281
6586	6107
6587	2823
6588	177
6589	3072
6590	3681
6591	222
6592	2582
6593	1030
6594	4048
6595	47
6596	909
6597	4949
6598	938
6599	362
6600	2896
6601	1426
6602	672
6603	1944
6604	633
6605	31
6606	528
6607	1398
6608	2887
6609	1485
6610	1798
6611	1539
6612	250
6613	74
6614	390
6615	647
6616	3001
6617	4296
6618	678
6619	2130
6620	681
6621	1273
6622	3015
6623	173
6624	3204
6625	1699
6626	365
6627	2035
6628	5149
6629	1194
6630	489
6631	742
6632	59
6633	1360
6634	256
6635	539
6636	441
6637	1726
6638	2968
6639	1961
6640	833
6641	1194
6642	2046
6643	996
6644	1125
6645	3695
6646	542
6647	26
6648	618
6649	1776
6650	3130
6651	1470
6652	4786
6653	2425
6654	2251
6655	3286
6656	2895
6657	3102
6658	1860
6659	844
6660	3138
6661	2275
6662	1219
6663	4803
6664	1728
6665	509
6666	2562
6667	854
6668	2534
6669	7
6670	840
6671	2510
6672	27
6673	3253
6674	809
6675	300
6676	1068
6677	3244
6678	3539
6679	5263
6680	1936
6681	698
6682	56
6683	1956
6684	244
6685	1540
6686	3713
6687	789
6688	429
6689	1023
6690	3067
6691	265
6692	2832
6693	2012
6694	1179
6695	2303
6696	2826
6697	2840
6698	143
6699	56
6700	132
6701	825
6702	366
6703	2973
6704	1523
6705	2331
6706	3933
6707	1502
6708	234
6709	2930
6710	3464
6711	2210
6712	281
6713	938
6714	1772
6715	572
6716	1933
6717	1774
6718	3624
6719	15
6720	297
6721	2282
6722	1633
6723	784
6724	1274
6725	2273
6726	1634
6727	512
6728	436
6729	820
6730	3762
6731	497
6732	3034
6733	361
6734	5
6735	24
6736	3348
6737	2615
6738	2089
6739	231
6740	549
6741	233
6742	1866
6743	2924
6744	4460
6745	510
6746	1110
6747	3
6748	3209
6749	312
6750	3559
6751	4370
6752	434
6753	1899
6754	1045
6755	2496
6756	2559
6757	5
6758	244
6759	90
6760	137
6761	345
6762	7
6763	416
6764	3118
6765	3426
6766	136
6767	930
6768	2164
6769	208
6770	2825
6771	670
6772	607
6773	2383
6774	173
6775	2503
6776	316
6777	3540
6778	1044
6779	694
6780	3247
6781	1357
6782	1076
6783	3508
6784	1693
6785	2645
6786	345
6787	919
6788	409
6789	3039
6790	4021
6791	4159
6792	1076
6793	2739
6794	4992
6795	856
6796	1910
6797	26
6798	2401
6799	1643
6800	510
6801	2621
6802	2555
6803	3085
6804	4270
6805	289
6806	1175
6807	2792
6808	1032
6809	2323
6810	2037
6811	224
6812	363
6813	360
6814	297
6815	387
6816	6235
6817	3110
6818	36
6819	30
6820	850
6821	2068
6822	132
6823	1098
6824	2167
6825	4949
6826	383
6827	3001
6828	2153
6829	160
6830	1545
6831	1811
6832	1486
6833	3931
6834	502
6835	742
6836	1945
6837	5239
6838	5317
6839	441
6840	850
6841	688
6842	1284
6843	1635
6844	1239
6845	215
6846	878
6847	65
6848	5127
6849	5773
6850	1256
6851	701
6852	102
6853	678
6854	815
6855	2287
6856	2675
6857	97
6858	36
6859	152
6860	416
6861	944
6862	21
6863	4820
6864	583
6865	456
6866	713
6867	4523
6868	3961
6869	990
6870	3043
6871	427
6872	3543
6873	4445
6874	21
6875	1210
6876	889
6877	423
6878	4351
6879	3529
6880	177
6881	1716
6882	4128
6883	2285
6884	14
6885	1003
6886	3771
6887	338
6888	1304
6889	1206
6890	2475
6891	266
6892	1918
6893	1352
6894	1462
6895	4847
6896	6663
6897	540
6898	2039
6899	284
6900	40
6901	1084
6902	737
6903	12
6904	1900
6905	833
6906	1586
6907	1049
6908	4609
6909	627
6910	8
6911	1017
6912	86
6913	6030
6914	244
6915	6794
6916	1770
6917	572
6918	929
6919	383
6920	925
6921	906
6922	4130
6923	122
6924	256
6925	5072
6926	239
6927	648
6928	293
6929	4272
6930	791
6931	22
6932	1288
6933	1089
6934	4963
6935	193
6936	648
6937	4044
6938	604
6939	2251
6940	2664
6941	3278
6942	4674
6943	674
6944	1362
6945	804
6946	312
6947	367
6948	4977
6949	4718
6950	3367
6951	325
6952	2805
6953	15
6954	519
6955	25
6956	212
6957	3380
6958	2826
6959	827
6960	2958
6961	1613
6962	1327
6963	27
6964	2161
6965	1719
6966	5082
6967	2265
6968	283
6969	1450
6970	3162
6971	8
6972	3320
6973	1217
6974	4929
6975	2526
6976	2
6977	1120
6978	1832
6979	1877
6980	3492
6981	4718
6982	1044
6983	501
6984	2414
6985	1544
6986	344
6987	2197
6988	1565
6989	1346
6990	5259
6991	37
6992	1426
6993	1878
6994	1176
6995	779
6996	752
6997	1454
6998	4985
6999	244
7000	62
7001	3286
7002	4949
7003	1910
7004	30
7005	4853
7006	1620
7007	1740
7008	1148
7009	4480
7010	4734
7011	411
7012	6195
7013	3213
7014	1004
7015	818
7016	2055
7017	2196
7018	2371
7019	1635
7020	2382
7021	850
7022	791
7023	1032
7024	481
7025	916
7026	281
7027	304
7028	1562
7029	1079
7030	481
7031	2748
7032	575
7033	4953
7034	177
7035	3335
7036	4462
7037	3143
7038	327
7039	901
7040	627
7041	450
7042	2430
7043	5011
7044	537
7045	1888
7046	1752
7047	2081
7048	372
7049	3242
7050	4942
7051	1979
7052	1219
7053	1943
7054	146
7055	79
7056	2582
7057	0
7058	1595
7059	108
7060	1565
7061	1028
7062	43
7063	939
7064	847
7065	1333
7066	1966
7067	19
7068	6344
7069	2032
7070	1223
7071	117
7072	528
7073	326
7074	1037
7075	1137
7076	3444
7077	3872
7078	928
7079	658
7080	694
7081	173
7082	110
7083	59
7084	266
7085	1280
7086	2735
7087	1666
7088	4478
7089	1552
7090	463
7091	345
7092	3460
7093	1554
7094	1976
7095	1951
7096	1644
7097	999
7098	3583
7099	1020
7100	1368
7101	2070
7102	1078
7103	438
7104	54
7105	170
7106	5415
7107	3626
7108	2320
7109	1903
7110	2199
7111	4755
7112	2808
7113	3430
7114	2681
7115	1559
7116	1862
7117	995
7118	62
7119	437
7120	666
7121	3665
7122	6232
7123	283
7124	1428
7125	1389
7126	5556
7127	4021
7128	3020
7129	2117
7130	4861
7131	3775
7132	1495
7133	3543
7134	3202
7135	1161
7136	1564
7137	2879
7138	1045
7139	1335
7140	1805
7141	3429
7142	410
7143	1766
7144	2026
7145	3798
7146	625
7147	21
7148	1284
7149	2615
7150	396
7151	729
7152	108
7153	983
7154	166
7155	299
7156	468
7157	50
7158	490
7159	4768
7160	410
7161	2423
7162	1634
7163	21
7164	1767
7165	6407
7166	663
7167	3714
7168	1001
7169	140
7170	1081
7171	1486
7172	1867
7173	761
7174	4051
7175	3130
7176	176
7177	2141
7178	1360
7179	2376
7180	286
7181	379
7182	69
7183	140
7184	1112
7185	4999
7186	4161
7187	3034
7188	1255
7189	316
7190	1108
7191	1276
7192	183
7193	669
7194	595
7195	2002
7196	1161
7197	1185
7198	449
7199	2862
7200	6058
7201	596
7202	1123
7203	4640
7204	3352
7205	91
7206	3535
7207	1599
7208	3798
7209	2951
7210	2570
7211	3789
7212	245
7213	586
7214	2192
7215	3639
7216	4172
7217	2978
7218	1259
7219	1742
7220	919
7221	2
7222	2102
7223	994
7224	3773
7225	105
7226	1276
7227	5211
7228	1205
7229	2460
7230	2346
7231	815
7232	3102
7233	150
7234	273
7235	843
7236	1407
7237	304
7238	2538
7239	4270
7240	374
7241	633
7242	113
7243	4293
7244	3435
7245	1276
7246	1666
7247	6270
7248	1368
7249	270
7250	3493
7251	5047
7252	2287
7253	2197
7254	1322
7255	2424
7256	3255
7257	3421
7258	3876
7259	1279
7260	281
7261	209
7262	419
7263	604
7264	4873
7265	197
7266	1329
7267	1532
7268	2380
7269	560
7270	289
7271	2738
7272	469
7273	724
7274	457
7275	510
7276	631
7277	660
7278	3102
7279	337
7280	5427
7281	387
7282	1476
7283	1418
7284	2129
7285	1097
7286	2789
7287	694
7288	2532
7289	2609
7290	4594
7291	153
7292	383
7293	5
7294	3049
7295	1842
7296	128
7297	307
7298	3886
7299	2238
7300	233
7301	1112
7302	317
7303	2286
7304	84
7305	388
7306	612
7307	2426
7308	3681
7309	701
7310	4302
7311	3933
7312	623
7313	2757
7314	122
7315	1242
7316	5776
7317	1299
7318	0
7319	6
7320	371
7321	339
7322	168
7323	684
7324	1410
7325	815
7326	3053
7327	742
7328	1240
7329	1815
7330	6030
7331	507
7332	140
7333	1491
7334	702
7335	2050
7336	2494
7337	1227
7338	1736
7339	159
7340	2114
7341	417
7342	232
7343	2615
7344	1462
7345	3529
7346	743
7347	251
7348	424
7349	1206
7350	5185
7351	1073
7352	875
7353	375
7354	1067
7355	4859
7356	1072
7357	25
7358	1078
7359	73
7360	1489
7361	423
7362	3869
7363	2447
7364	3667
7365	1316
7366	2269
7367	853
7368	3526
7369	1344
7370	1165
7371	6554
7372	1908
7373	935
7374	176
7375	5593
7376	4756
7377	5326
7378	4964
7379	6101
7380	6080
7381	5457
7382	552
7383	1866
7384	2195
7385	4432
7386	1702
7387	1361
7388	341
7389	4122
7390	2523
7391	4997
7392	351
7393	2412
7394	2969
7395	6344
7396	1878
7397	1306
7398	1166
7399	298
7400	849
7401	2974
7402	3151
7403	806
7404	68
7405	346
7406	3130
7407	1837
7408	888
7409	2709
7410	242
7411	2109
7412	405
7413	4182
7414	523
7415	86
7416	2535
7417	2599
7418	2818
7419	1945
7420	54
7421	205
7422	2526
7423	923
7424	2349
7425	1245
7426	25
7427	190
7428	1224
7429	927
7430	173
7431	1727
7432	475
7433	838
7434	2535
7435	274
7436	934
7437	4
7438	1327
7439	724
7440	2114
7441	3411
7442	2736
7443	3554
7444	419
7445	4
7446	348
7447	255
7448	2777
7449	1432
7450	882
7451	1947
7452	2100
7453	1117
7454	1435
7455	703
7456	1816
7457	5156
7458	156
7459	2116
7460	2825
7461	3102
7462	5864
7463	668
7464	1636
7465	1159
7466	1343
7467	5647
7468	1942
7469	539
7470	1472
7471	1411
7472	5198
7473	297
7474	2156
7475	844
7476	861
7477	1068
7478	342
7479	2353
7480	2049
7481	580
7482	3811
7483	2344
7484	226
7485	152
7486	265
7487	226
7488	468
7489	813
7490	1287
7491	1093
7492	302
7493	3543
7494	6
7495	103
7496	270
7497	4447
7498	2282
7499	875
7500	1430
7501	287
7502	5556
7503	932
7504	589
7505	3594
7506	2168
7507	4156
7508	801
7509	4212
7510	436
7511	425
7512	4488
7513	40
7514	166
7515	683
7516	1881
7517	3069
7518	433
7519	822
7520	2820
7521	2590
7522	2494
7523	378
7524	561
7525	824
7526	594
7527	642
7528	10
7529	45
7530	3046
7531	965
7532	779
7533	1548
7534	1043
7535	64
7536	5554
7537	53
7538	746
7539	46
7540	359
7541	1032
7542	395
7543	1477
7544	707
7545	99
7546	2302
7547	1812
7548	1712
7549	3818
7550	2049
7551	931
7552	597
7553	130
7554	899
7555	1308
7556	3129
7557	95
7558	1563
7559	1709
7560	6178
7561	1508
7562	107
7563	156
7564	952
7565	1724
7566	4595
7567	3899
7568	96
7569	529
7570	3099
7571	1356
7572	1210
7573	4094
7574	3464
7575	733
7576	2088
7577	940
7578	2442
7579	878
7580	3574
7581	443
7582	801
7583	59
7584	173
7585	742
7586	2742
7587	4781
7588	6101
7589	690
7590	702
7591	4619
7592	1272
7593	988
7594	1439
7595	809
7596	5845
7597	2716
7598	1697
7599	1795
7600	4437
7601	235
7602	1476
7603	941
7604	409
7605	1773
7606	422
7607	4041
7608	2604
7609	2494
7610	3063
7611	289
7612	1033
7613	4046
7614	403
7615	1093
7616	427
7617	84
7618	4208
7619	604
7620	272
7621	753
7622	2057
7623	3652
7624	4384
7625	3076
7626	5907
7627	2763
7628	110
7629	549
7630	5140
7631	146
7632	2166
7633	733
7634	1456
7635	2581
7636	3919
7637	205
7638	2915
7639	6162
7640	564
7641	869
7642	2037
7643	2226
7644	1219
7645	4685
7646	2978
7647	1387
7648	519
7649	3574
7650	4155
7651	410
7652	1030
7653	211
7654	1191
7655	319
7656	660
7657	872
7658	1582
7659	2830
7660	534
7661	29
7662	4708
7663	1737
7664	1344
7665	3004
7666	3087
7667	418
7668	1245
7669	3120
7670	4447
7671	5967
7672	743
7673	30
7674	426
7675	4294
7676	2932
7677	2290
7678	1435
7679	3585
7680	2523
7681	1700
7682	481
7683	758
7684	6195
7685	3077
7686	535
7687	4904
7688	946
7689	466
7690	3555
7691	97
7692	658
7693	315
7694	1910
7695	2032
7696	1266
7697	817
7698	905
7699	1004
7700	908
7701	3374
7702	5790
7703	2895
7704	58
7705	351
7706	4890
7707	1328
7708	2626
7709	2862
7710	1
7711	93
7712	3413
7713	160
7714	1613
7715	1795
7716	809
7717	111
7718	3665
7719	1979
7720	1615
7721	4258
7722	5037
7723	697
7724	0
7725	7
7726	2656
7727	485
7728	2037
7729	2964
7730	4211
7731	859
7732	5291
7733	159
7734	640
7735	595
7736	2742
7737	129
7738	1673
7739	850
7740	167
7741	1124
7742	684
7743	284
7744	936
7745	3111
7746	381
7747	789
7748	1971
7749	5442
7750	283
7751	352
7752	1821
7753	3126
7754	5655
7755	2982
7756	118
7757	671
7758	313
7759	4932
7760	39
7761	277
7762	6329
7763	5593
7764	4379
7765	952
7766	237
7767	40
7768	1078
7769	155
7770	439
7771	724
7772	3202
7773	4729
7774	392
7775	1274
7776	798
7777	801
7778	825
7779	2950
7780	257
7781	150
7782	6896
7783	3217
7784	4897
7785	1602
7786	126
7787	3395
7788	152
7789	4658
7790	410
7791	1324
7792	1273
7793	408
7794	1474
7795	1509
7796	3649
7797	101
7798	27
7799	1377
7800	243
7801	5354
7802	130
7803	801
7804	383
7805	860
7806	97
7807	6470
7808	360
7809	4399
7810	284
7811	1432
7812	507
7813	1897
7814	4437
7815	254
7816	3557
7817	595
7818	74
7819	323
7820	3731
7821	5
7822	6782
7823	1171
7824	1185
7825	1383
7826	1457
7827	2166
7828	3630
7829	1005
7830	4661
7831	2182
7832	1428
7833	926
7834	1596
7835	1636
7836	2127
7837	1838
7838	2497
7839	1523
7840	399
7841	4208
7842	5450
7843	223
7844	360
7845	1142
7846	1
7847	235
7848	3407
7849	6
7850	567
7851	1196
7852	2525
7853	2227
7854	718
7855	206
7856	866
7857	744
7858	93
7859	5727
7860	338
7861	1385
7862	2424
7863	3626
7864	4971
7865	1747
7866	3049
7867	4523
7868	1837
7869	1416
7870	5183
7871	53
7872	1641
7873	2288
7874	2267
7875	113
7876	1320
7877	1243
7878	1477
7879	3030
7880	29
7881	484
7882	2032
7883	343
7884	6538
7885	234
7886	1525
7887	2211
7888	1670
7889	1508
7890	1374
7891	1542
7892	302
7893	1641
7894	2227
7895	1897
7896	2623
7897	1352
7898	4897
7899	1080
7900	1402
7901	576
7902	672
7903	425
7904	946
7905	2493
7906	1472
7907	3482
7908	710
7909	4806
7910	1003
7911	5733
7912	1217
7913	1491
7914	1480
7915	3516
7916	2093
7917	4597
7918	2030
7919	910
7920	3099
7921	2626
7922	1643
7923	1168
7924	2545
7925	374
7926	1030
7927	6209
7928	1907
7929	1059
7930	1168
7931	1727
7932	67
7933	135
7934	694
7935	1897
7936	117
7937	582
7938	293
7939	1902
7940	1138
7941	1387
7942	3118
7943	207
7944	185
7945	335
7946	3408
7947	5287
7948	3438
7949	2129
7950	2168
7951	4656
7952	4352
7953	1051
7954	5026
7955	220
7956	3086
7957	358
7958	59
7959	1946
7960	852
7961	2046
7962	2907
7963	1293
7964	1414
7965	2763
7966	3834
7967	1815
7968	978
7969	2503
7970	684
7971	1670
7972	552
7973	1346
7974	232
7975	5287
7976	32
7977	621
7978	3697
7979	7296
7980	2659
7981	56
7982	1548
7983	1227
7984	713
7985	2006
7986	1065
7987	4438
7988	927
7989	3911
7990	4585
7991	278
7992	875
7993	2596
7994	1141
7995	781
7996	3545
7997	2413
7998	1545
7999	2984
8000	959
8001	4121
8002	386
8003	2436
8004	2492
8005	665
8006	577
8007	1747
8008	4647
8009	113
8010	44
8011	1428
8012	36
8013	986
8014	2327
8015	1643
8016	625
8017	326
8018	5577
8019	1954
8020	3399
8021	353
8022	3592
8023	6153
8024	517
8025	982
8026	2774
8027	180
8028	2081
8029	6182
8030	12
8031	2283
8032	102
8033	5263
8034	1656
8035	3662
8036	4228
8037	1303
8038	1477
8039	4191
8040	3762
8041	613
8042	43
8043	407
8044	1568
8045	2475
8046	1483
8047	712
8048	2863
8049	720
8050	5023
8051	2532
8052	85
8053	1517
8054	846
8055	5719
8056	83
8057	293
8058	5099
8059	3838
8060	130
8061	1547
8062	5675
8063	5442
8064	279
8065	5442
8066	275
8067	820
8068	2407
8069	5006
8070	4539
8071	2228
8072	583
8073	0
8074	481
8075	2147
8076	400
8077	3233
8078	303
8079	7100
8080	498
8081	3647
8082	1756
8083	174
8084	724
8085	2164
8086	2350
8087	4824
8088	3732
8089	1522
8090	2347
8091	190
8092	2202
8093	610
8094	851
8095	2974
8096	1193
8097	1798
8098	2921
8099	1622
8100	772
8101	5434
8102	11
8103	4626
8104	5263
8105	2626
8106	985
8107	2402
8108	2350
8109	726
8110	279
8111	2379
8112	1509
8113	253
8114	4178
8115	4044
8116	1168
8117	1210
8118	1491
8119	4488
8120	1439
8121	1191
8122	2101
8123	2720
8124	1171
8125	206
8126	1842
8127	2169
8128	3183
8129	1697
8130	2168
8131	2535
8132	311
8133	850
8134	435
8135	1269
8136	991
8137	604
8138	7264
8139	621
8140	109
8141	1122
8142	442
8143	2226
8144	5024
8145	1709
8146	859
8147	602
8148	255
8149	821
8150	6770
8151	1588
8152	860
8153	549
8154	815
8155	1406
8156	498
8157	170
8158	3065
8159	30
8160	888
8161	1137
8162	4090
8163	2475
8164	243
8165	4559
8166	3024
8167	1628
8168	229
8169	287
8170	1222
8171	130
8172	381
8173	221
8174	3290
8175	4656
8176	2600
8177	1254
8178	305
8179	533
8180	7
8181	313
8182	3143
8183	3148
8184	1588
8185	632
8186	7103
8187	1029
8188	1159
8189	6023
8190	222
8191	135
8192	5940
8193	1457
8194	3872
8195	152
8196	4476
8197	1628
8198	3229
8199	1193
8200	2233
8201	6054
8202	4137
8203	2264
8204	1463
8205	1759
8206	326
8207	579
8208	1189
8209	602
8210	5890
8211	3
8212	3104
8213	2221
8214	883
8215	1165
8216	697
8217	256
8218	393
8219	4727
8220	3297
8221	104
8222	2141
8223	3602
8224	1668
8225	4386
8226	1127
8227	2783
8228	1579
8229	611
8230	28
8231	591
8232	2530
8233	3429
8234	3358
8235	3422
8236	1210
8237	1799
8238	481
8239	553
8240	3203
8241	1017
8242	891
8243	185
8244	888
8245	471
8246	183
8247	6195
8248	825
8249	3537
8250	1901
8251	1245
8252	1465
8253	2799
8254	683
8255	6255
8256	57
8257	6182
8258	1243
8259	1042
8260	1185
8261	4383
8262	2663
8263	1074
8264	4595
8265	2641
8266	1627
8267	2032
8268	826
8269	690
8270	5434
8271	1788
8272	847
8273	5527
8274	382
8275	4513
8276	2092
8277	1062
8278	2330
8279	1197
8280	1374
8281	511
8282	1157
8283	2107
8284	4605
8285	1728
8286	14
8287	1834
8288	2197
8289	5430
8290	1405
8291	4345
8292	2197
8293	758
8294	3831
8295	285
8296	3545
8297	1200
8298	3399
8299	2447
8300	140
8301	38
8302	25
8303	2198
8304	1352
8305	453
8306	4586
8307	3338
8308	442
8309	417
8310	297
8311	199
8312	7
8313	2932
8314	3945
8315	4025
8316	906
8317	6495
8318	634
8319	65
8320	5814
8321	1034
8322	692
8323	1622
8324	174
8325	244
8326	7558
8327	980
8328	998
8329	2331
8330	3058
8331	546
8332	3497
8333	450
8334	226
8335	3381
8336	337
8337	914
8338	1259
8339	913
8340	64
8341	4008
8342	318
8343	244
8344	743
8345	4681
8346	3752
8347	151
8348	6264
8349	143
8350	2169
8351	3072
8352	6456
8353	962
8354	1123
8355	3172
8356	1462
8357	62
8358	5181
8359	4182
8360	3809
8361	588
8362	980
8363	116
8364	1953
8365	4687
8366	4331
8367	82
8368	1526
8369	4110
8370	102
8371	82
8372	2268
8373	2262
8374	4496
8375	3913
8376	2600
8377	3390
8378	371
8379	180
8380	3534
8381	782
8382	476
8383	1700
8384	537
8385	1225
8386	1727
8387	4787
8388	8065
8389	279
8390	7355
8391	961
8392	887
8393	974
8394	1791
8395	6140
8396	705
8397	5387
8398	4770
8399	1
8400	3539
8401	7000
8402	5573
8403	1056
8404	907
8405	1472
8406	4323
8407	3625
8408	2425
8409	1119
8410	2352
8411	2396
8412	2438
8413	1403
8414	8
8415	4189
8416	5127
8417	1401
8418	1389
8419	3779
8420	3929
8421	3740
8422	99
8423	6921
8424	2436
8425	1188
8426	578
8427	1192
8428	4865
8429	240
8430	2316
8431	1874
8432	5494
8433	864
8434	4516
8435	3444
8436	2315
8437	1000
8438	1284
8439	2119
8440	510
8441	3047
8442	5995
8443	867
8444	1544
8445	430
8446	391
8447	1339
8448	36
8449	1751
8450	127
8451	4150
8452	3312
8453	245
8454	325
8455	5795
8456	3411
8457	6307
8458	729
8459	2010
8460	3374
8461	5699
8462	2453
8463	1751
8464	679
8465	3062
8466	6195
8467	801
8468	1141
8469	3399
8470	150
8471	116
8472	821
8473	4572
8474	5568
8475	35
8476	1943
8477	5897
8478	2509
8479	7631
8480	944
8481	1273
8482	54
8483	6890
8484	68
8485	4520
8486	824
8487	3757
8488	6220
8489	31
8490	201
8491	7863
8492	2160
8493	1031
8494	1888
8495	1671
8496	3277
8497	702
8498	4648
8499	4174
8500	436
8501	2119
8502	219
8503	6099
8504	4138
8505	277
8506	2462
8507	2007
8508	2919
8509	7376
8510	4161
8511	3518
8512	1943
8513	833
8514	1842
8515	2070
8516	8224
8517	4225
8518	471
8519	767
8520	5
8521	1200
8522	1410
8523	332
8524	1093
8525	4972
8526	2577
8527	3798
8528	6073
8529	953
8530	343
8531	5723
8532	1865
8533	1447
8534	2792
8535	5995
8536	886
8537	4293
8538	1491
8539	622
8540	430
8541	365
8542	511
8543	4051
8544	937
8545	1068
8546	229
8547	6308
8548	569
8549	966
8550	357
8551	1789
8552	2598
8553	258
8554	2364
8555	5582
8556	1562
8557	735
8558	6029
8559	1191
8560	4864
8561	1029
8562	729
8563	2697
8564	4915
8565	800
8566	1650
8567	1233
8568	1004
8569	4
8570	3446
8571	680
8572	3643
8573	3392
8574	3129
8575	852
8576	2381
8577	244
8578	3070
8579	2558
8580	2651
8581	383
8582	2002
8583	2091
8584	1387
8585	1482
8586	5107
8587	1205
8588	21
8589	1744
8590	163
8591	4844
8592	4954
8593	1354
8594	2253
8595	4462
8596	301
8597	2104
8598	712
8599	1482
8600	6921
8601	108
8602	1363
8603	1520
8604	4039
8605	6637
8606	3493
8607	3267
8608	2490
8609	175
8610	3
8611	1744
8612	1748
8613	284
8614	3143
8615	2783
8616	4098
8617	1464
8618	1279
8619	10
8620	742
8621	336
8622	1068
8623	875
8624	3995
8625	1465
8626	42
8627	4754
8628	54
8629	5635
8630	464
8631	4904
8632	2308
8633	1637
8634	94
8635	18
8636	3093
8637	2260
8638	1246
8639	1979
8640	353
8641	519
8642	4680
8643	1790
8644	3069
8645	844
8646	5317
8647	901
8648	2134
8649	670
8650	98
8651	5593
8652	1996
8653	202
8654	2019
8655	1979
8656	919
8657	456
8658	99
8659	4533
8660	3082
8661	5343
8662	1125
8663	84
8664	1806
8665	98
8666	165
8667	5457
8668	1141
8669	2510
8670	2532
8671	1196
8672	416
8673	939
8674	618
8675	1320
8676	410
8677	6440
8678	200
8679	4477
8680	150
8681	4529
8682	471
8683	6770
8684	2030
8685	387
8686	424
8687	2087
8688	2339
8689	396
8690	4997
8691	800
8692	184
8693	391
8694	1276
8695	51
8696	197
8697	1477
8698	5047
8699	1236
8700	2792
8701	1938
8702	2532
8703	166
8704	104
8705	2487
8706	108
8707	420
8708	555
8709	265
8710	3743
8711	1388
8712	2932
8713	556
8714	1932
8715	6317
8716	724
8717	443
8718	3552
8719	463
8720	203
8721	15
8722	3559
8723	20
8724	4680
8725	1303
8726	985
8727	2078
8728	1167
8729	773
8730	483
8731	538
8732	2777
8733	4050
8734	444
8735	3615
8736	2485
8737	5058
8738	385
8739	130
8740	3365
8741	2286
8742	767
8743	1699
8744	2662
8745	1524
8746	2926
8747	4553
8748	4283
8749	75
8750	4819
8751	2315
8752	37
8753	6002
8754	478
8755	379
8756	215
8757	2805
8758	4529
8759	18
8760	2138
8761	4865
8762	1414
8763	5192
8764	359
8765	3969
8766	203
8767	2301
8768	5082
8769	3366
8770	141
8771	28
8772	2213
8773	176
8774	729
8775	236
8776	1714
8777	1057
8778	517
8779	420
8780	501
8781	6935
8782	5245
8783	1149
8784	3203
8785	919
8786	365
8787	455
8788	3643
8789	4387
8790	3950
8791	2759
8792	1203
8793	4432
8794	2833
8795	2735
8796	1163
8797	537
8798	1515
8799	712
8800	1480
8801	202
8802	2155
8803	1493
8804	1363
8805	5418
8806	3278
8807	2519
8808	1925
8809	1264
8810	2000
8811	959
8812	1197
8813	2095
8814	508
8815	622
8816	2209
8817	3946
8818	3446
8819	5020
8820	335
8821	3213
8822	4794
8823	6
8824	1931
8825	4989
8826	1933
8827	163
8828	2624
8829	6348
8830	602
8831	602
8832	881
8833	3168
8834	1139
8835	4186
8836	82
8837	674
8838	86
8839	3802
8840	3259
8841	6083
8842	1325
8843	4366
8844	1822
8845	147
8846	3397
8847	2748
8848	4006
8849	215
8850	275
8851	1208
8852	3779
8853	59
8854	140
8855	1233
8856	5418
8857	4350
8858	272
8859	4718
8860	347
8861	2833
8862	1565
8863	844
8864	2347
8865	51
8866	640
8867	163
8868	528
8869	3187
8870	1654
8871	1600
8872	1744
8873	736
8874	2484
8875	9
8876	1759
8877	987
8878	623
8879	7326
8880	923
8881	8047
8882	4952
8883	8480
8884	3956
8885	4041
8886	102
8887	1332
8888	6195
8889	2462
8890	612
8891	607
8892	3942
8893	478
8894	999
8895	387
8896	1916
8897	171
8898	1637
8899	302
8900	6317
8901	3213
8902	2753
8903	365
8904	4688
8905	775
8906	949
8907	2613
8908	5072
8909	3375
8910	399
8911	3089
8912	66
8913	2246
8914	223
8915	663
8916	7140
8917	1028
8918	1380
8919	532
8920	1978
8921	3989
8922	278
8923	289
8924	5999
8925	4284
8926	1676
8927	2771
8928	86
8929	3175
8930	1978
8931	4234
8932	1095
8933	692
8934	5385
8935	2394
8936	582
8937	6964
8938	48
8939	659
8940	6029
8941	624
8942	464
8943	3728
8944	659
8945	594
8946	2895
8947	1294
8948	1382
8949	634
8950	2863
8951	3242
8952	8
8953	785
8954	6099
8955	4964
8956	4137
8957	2396
8958	10
8959	209
8960	54
8961	3077
8962	1408
8963	1421
8964	762
8965	29
8966	3052
8967	1906
8968	5699
8969	3244
8970	4857
8971	2602
8972	3886
8973	821
8974	2446
8975	436
8976	2313
8977	2875
8978	694
8979	393
8980	1336
8981	115
8982	298
8983	3905
8984	691
8985	1255
8986	6431
8987	1377
8988	3642
8989	4891
8990	496
8991	3161
8992	1845
8993	4206
8994	7662
8995	4789
8996	833
8997	2128
8998	4188
8999	844
9000	3695
9001	4041
9002	1293
9003	3886
9004	2441
9005	1758
9006	3237
9007	6048
9008	1717
9009	6173
9010	689
9011	1028
9012	6142
9013	6259
9014	1709
9015	1062
9016	206
9017	189
9018	3331
9019	1526
9020	5297
9021	1158
9022	179
9023	855
9024	86
9025	686
9026	3193
9027	2738
9028	113
9029	4435
9030	1367
9031	1073
9032	2146
9033	3066
9034	3006
9035	1098
9036	3027
9037	1502
9038	6414
9039	293
9040	1078
9041	1385
9042	1376
9043	2205
9044	72
9045	802
9046	340
9047	4259
9048	1256
9049	3670
9050	214
9051	2504
9052	414
9053	2107
9054	984
9055	8760
9056	1059
9057	3880
9058	492
9059	332
9060	3499
9061	3700
9062	2949
9063	1361
9064	1490
9065	3685
9066	15
9067	5591
9068	2800
9069	1522
9070	1779
9071	1442
9072	1054
9073	2153
9074	2723
9075	414
9076	2077
9077	15
9078	2190
9079	2
9080	800
9081	4973
9082	2697
9083	556
9084	72
9085	527
9086	5213
9087	1345
9088	1196
9089	220
9090	1180
9091	3565
9092	1701
9093	1322
9094	573
9095	4529
9096	3501
9097	2092
9098	2304
9099	2947
9100	13
9101	4339
9102	391
9103	3170
9104	1479
9105	19
9106	489
9107	457
9108	4976
9109	7756
9110	455
9111	316
9112	4720
9113	2602
9114	2530
9115	815
9116	1922
9117	2487
9118	8357
9119	1117
9120	808
9121	672
9122	1084
9123	3661
9124	627
9125	1964
9126	2032
9127	1301
9128	4920
9129	5318
9130	130
9131	1523
9132	1346
9133	5075
9134	585
9135	721
9136	39
9137	51
9138	52
9139	3638
9140	1651
9141	1870
9142	1916
9143	289
9144	3361
9145	522
9146	1660
9147	5290
9148	5186
9149	2019
9150	838
9151	3097
9152	2669
9153	6568
9154	1309
9155	4686
9156	3395
9157	4124
9158	1029
9159	2146
9160	4150
9161	2312
9162	3306
9163	535
9164	1421
9165	1897
9166	1325
9167	1943
9168	3642
9169	4535
9170	2082
9171	325
9172	673
9173	4606
9174	2555
9175	628
9176	974
9177	2620
9178	1128
9179	3802
9180	2797
9181	223
9182	2429
9183	207
9184	1071
9185	3934
9186	2920
9187	2406
9188	781
9189	500
9190	2973
9191	490
9192	442
9193	1028
9194	2115
9195	1429
9196	3334
9197	305
9198	3046
9199	4767
9200	1577
9201	624
9202	44
9203	7220
9204	951
9205	1165
9206	727
9207	441
9208	2278
9209	2514
9210	2218
9211	1790
9212	1020
9213	3526
9214	438
9215	7806
9216	1368
9217	6184
9218	6456
9219	4034
9220	1197
9221	4970
9222	2808
9223	1289
9224	50
9225	21
9226	659
9227	693
9228	2739
9229	7233
9230	928
9231	6406
9232	3514
9233	355
9234	870
9235	5904
9236	873
9237	1197
9238	808
9239	2599
9240	1526
9241	3869
9242	5885
9243	1389
9244	2490
9245	1888
9246	181
9247	165
9248	379
9249	3335
9250	3251
9251	970
9252	1764
9253	2049
9254	1776
9255	466
9256	196
9257	3247
9258	1993
9259	2096
9260	480
9261	869
9262	743
9263	1042
9264	3424
9265	777
9266	1176
9267	4686
9268	323
9269	312
9270	4430
9271	3765
9272	38
9273	3930
9274	1226
9275	789
9276	213
9277	2265
9278	122
9279	4495
9280	443
9281	2708
9282	1686
9283	4052
9284	1542
9285	1399
9286	5564
9287	4
9288	3053
9289	499
9290	1585
9291	509
9292	3933
9293	472
9294	3649
9295	26
9296	4103
9297	2308
9298	1327
9299	116
9300	3865
9301	8143
9302	8731
9303	843
9304	996
9305	4
9306	592
9307	1651
9308	4429
9309	4694
9310	2697
9311	510
9312	2850
9313	882
9314	824
9315	429
9316	31
9317	5777
9318	31
9319	1865
9320	855
9321	4751
9322	7390
9323	923
9324	2409
9325	3555
9326	8001
9327	552
9328	9
9329	1711
9330	113
9331	3570
9332	1537
9333	2700
9334	396
9335	306
9336	536
9337	2840
9338	3062
9339	620
9340	599
9341	3988
9342	1547
9343	65
9344	42
9345	3722
9346	3559
9347	2269
9348	3495
9349	2358
9350	1227
9351	3942
9352	145
9353	5513
9354	5020
9355	395
9356	2513
9357	4433
9358	62
9359	894
9360	5006
9361	1416
9362	4021
9363	2361
9364	376
9365	2678
9366	4270
9367	5917
9368	4476
9369	2478
9370	1930
9371	1279
9372	1420
9373	2500
9374	863
9375	49
9376	713
9377	1476
9378	2258
9379	3798
9380	1718
9381	6835
9382	439
9383	206
9384	1218
9385	2613
9386	671
9387	1345
9388	248
9389	2276
9390	6465
9391	2323
9392	53
9393	7397
9394	4647
9395	1916
9396	319
9397	314
9398	1236
9399	3299
9400	1423
9401	255
9402	666
9403	4726
9404	624
9405	1794
9406	942
9407	3720
9408	3935
9409	3366
9410	1304
9411	81
9412	52
9413	3233
9414	1033
9415	1359
9416	3244
9417	3471
9418	205
9419	670
9420	1222
9421	1119
9422	902
9423	860
9424	353
9425	80
9426	258
9427	156
9428	1042
9429	8047
9430	2011
9431	4559
9432	1004
9433	17
9434	127
9435	1390
9436	3299
9437	4137
9438	5796
9439	2685
9440	480
9441	86
9442	938
9443	5917
9444	2495
9445	2286
9446	742
9447	510
9448	4488
9449	1145
9450	875
9451	1799
9452	2876
9453	627
9454	613
9455	2283
9456	2223
9457	3112
9458	2454
9459	1485
9460	2187
9461	6387
9462	1993
9463	4734
9464	876
9465	5336
9466	197
9467	311
9468	523
9469	5907
9470	1129
9471	3081
9472	1274
9473	4990
9474	934
9475	2372
9476	619
9477	900
9478	4151
9479	3685
9480	5634
9481	2511
9482	3756
9483	2267
9484	4159
9485	3701
9486	4355
9487	873
9488	738
9489	761
9490	4272
9491	444
9492	2032
9493	2190
9494	991
9495	1430
9496	1442
9497	4260
9498	6864
9499	7221
9500	875
9501	1745
9502	2331
9503	762
9504	5798
9505	2973
9506	7709
9507	6016
9508	1995
9509	6095
9510	636
9511	168
9512	17
9513	725
9514	2812
9515	702
9516	605
9517	3399
9518	619
9519	2157
9520	5907
9521	645
9522	4961
9523	2308
9524	9
9525	293
9526	3509
9527	2011
9528	764
9529	4350
9530	4703
9531	3441
9532	7699
9533	314
9534	3875
9535	476
9536	1316
9537	1962
9538	3754
9539	130
9540	5
9541	3950
9542	203
9543	13
9544	100
9545	1036
9546	5623
9547	1747
9548	2726
9549	498
9550	4973
9551	2919
9552	2327
9553	564
9554	8222
9555	604
9556	2512
9557	1878
9558	258
9559	4220
9560	542
9561	4557
9562	438
9563	472
9564	5058
9565	113
9566	1457
9567	3554
9568	2536
9569	3338
9570	2721
9571	1704
9572	7424
9573	4729
9574	3482
9575	854
9576	556
9577	719
9578	2250
9579	4371
9580	108
9581	474
9582	1474
9583	3244
9584	788
9585	229
9586	193
9587	6317
9588	1676
9589	2262
9590	2800
9591	827
9592	992
9593	3205
9594	1142
9595	209
9596	5796
9597	381
9598	3966
9599	1226
9600	53
9601	2089
9602	2693
9603	1730
9604	986
9605	71
9606	625
9607	1496
9608	991
9609	1
9610	388
9611	980
9612	265
9613	6913
9614	268
9615	1673
9616	378
9617	2170
9618	356
9619	895
9620	633
9621	2285
9622	1165
9623	516
9624	1435
9625	986
9626	916
9627	5342
9628	86
9629	3460
9630	1256
9631	2102
9632	1658
9633	5992
9634	468
9635	724
9636	157
9637	287
9638	2283
9639	1081
9640	630
9641	2086
9642	1125
9643	8297
9644	4817
9645	3774
9646	557
9647	4386
9648	4326
9649	647
9650	2840
9651	3781
9652	1466
9653	554
9654	4371
9655	2288
9656	518
9657	2984
9658	6387
9659	3250
9660	127
9661	6870
9662	4894
9663	505
9664	6162
9665	555
9666	13
9667	4845
9668	1299
9669	2485
9670	1028
9671	4718
9672	1477
9673	3714
9674	1915
9675	4884
9676	226
9677	8017
9678	203
9679	2161
9680	3574
9681	558
9682	361
9683	242
9684	368
9685	1816
9686	176
9687	2519
9688	1670
9689	52
9690	1148
9691	194
9692	4800
9693	1148
9694	4488
9695	1485
9696	95
9697	875
9698	7639
9699	1101
9700	3056
9701	4415
9702	145
9703	6863
9704	7858
9705	1579
9706	1873
9707	5732
9708	3205
9709	7217
9710	3066
9711	4803
9712	417
9713	36
9714	1704
9715	33
9716	3170
9717	687
9718	3499
9719	3464
9720	1431
9721	7284
9722	85
9723	205
9724	1829
9725	781
9726	1713
9727	175
9728	5537
9729	2032
9730	1472
9731	2486
9732	1429
9733	2359
9734	1580
9735	2426
9736	2914
9737	2386
9738	986
9739	4304
9740	3548
9741	4789
9742	2331
9743	697
9744	1152
9745	1548
9746	1395
9747	1908
9748	841
9749	1442
9750	6837
9751	2493
9752	1588
9753	1775
9754	4326
9755	1760
9756	506
9757	208
9758	5283
9759	2806
9760	321
9761	1016
9762	3735
9763	1600
9764	6099
9765	1213
9766	3802
9767	782
9768	122
9769	2347
9770	729
9771	7792
9772	917
9773	1217
9774	732
9775	4025
9776	691
9777	2852
9778	1266
9779	319
9780	2345
9781	791
9782	1925
9783	985
9784	294
9785	2199
9786	19
9787	1272
9788	2104
9789	2339
9790	938
9791	4709
9792	1322
9793	3933
9794	789
9795	2523
9796	97
9797	2839
9798	835
9799	223
9800	8089
9801	403
9802	4495
9803	5297
9804	2253
9805	440
9806	1686
9807	1183
9808	139
9809	6431
9810	4445
9811	438
9812	1417
9813	1707
9814	6735
9815	3642
9816	1081
9817	4134
9818	3732
9819	927
9820	64
9821	3464
9822	735
9823	3168
9824	7909
9825	775
9826	970
9827	8029
9828	396
9829	275
9830	9
9831	2097
9832	2312
9833	633
9834	2412
9835	1256
9836	663
9837	990
9838	1582
9839	4
9840	5843
9841	2690
9842	225
9843	393
9844	277
9845	1721
9846	1196
9847	6237
9848	831
9849	859
9850	110
9851	8065
9852	962
9853	1028
9854	140
9855	326
9856	6254
9857	379
9858	3493
9859	3583
9860	339
9861	5116
9862	1253
9863	8974
9864	108
9865	3157
9866	3667
9867	1254
9868	3500
9869	1916
9870	468
9871	4150
9872	1255
9873	1211
9874	7553
9875	1770
9876	1806
9877	1137
9878	4825
9879	8746
9880	1155
9881	59
9882	2004
9883	140
9884	1487
9885	5442
9886	561
9887	1533
9888	5979
9889	3183
9890	64
9891	270
9892	602
9893	4778
9894	2012
9895	1472
9896	1803
9897	3765
9898	574
9899	3920
9900	944
9901	226
9902	25
9903	1276
9904	4520
9905	4352
9906	114
9907	1117
9908	114
9909	4062
9910	1876
9911	604
9912	2015
9913	1489
9914	3030
9915	6400
9916	1163
9917	1393
9918	968
9919	3151
9920	422
9921	875
9922	2380
9923	2608
9924	479
9925	6538
9926	6051
9927	5434
9928	2899
9929	4762
9930	1338
9931	1832
9932	941
9933	105
9934	1875
9935	1028
9936	1116
9937	457
9938	909
9939	4555
9940	1491
9941	3386
9942	8681
9943	572
9944	490
9945	7015
9946	6
9947	3076
9948	1715
9949	127
9950	2984
9951	1822
9952	1301
9953	1942
9954	7881
9955	3076
9956	1285
9957	173
9958	1707
9959	472
9960	105
9961	553
9962	133
9963	1256
9964	3362
9965	1272
9966	3006
9967	5969
9968	1234
9969	2916
9970	644
9971	49
9972	552
9973	7868
9974	7284
9975	6951
9976	3364
9977	345
9978	399
9979	4439
9980	4939
9981	474
9982	1284
9983	3543
9984	1466
9985	488
9986	225
9987	384
9988	425
9989	1302
9990	239
9991	8957
9992	1468
9993	8773
9994	1499
9995	244
9996	7699
9997	2600
9998	6997
9999	327
