node	 parent
0	0
1	0
2	0
3	0
4	0
5	0
6	0
7	0
8	0
9	0
10	3
11	0
12	5
13	5
14	0
15	1
16	0
17	0
18	3
19	3
20	0
21	1
22	1
23	8
24	1
25	1
26	16
27	11
28	16
29	18
30	0
31	14
32	17
33	8
34	2
35	0
36	15
37	3
38	2
39	23
40	0
41	13
42	34
43	18
44	36
45	2
46	0
47	18
48	23
49	32
50	20
51	32
52	16
53	11
54	0
55	2
56	3
57	1
58	21
59	26
60	15
61	11
62	39
63	6
64	26
65	32
66	18
67	15
68	11
69	32
70	0
71	18
72	16
73	18
74	0
75	3
76	0
77	47
78	0
79	1
80	17
81	18
82	26
83	39
84	59
85	33
86	80
87	18
88	26
89	13
90	26
91	16
92	23
93	15
94	0
95	1
96	32
97	34
98	5
99	21
100	13
101	47
102	13
103	13
104	42
105	26
106	1
107	1
108	20
109	19
110	48
111	25
112	38
113	47
114	20
115	5
116	49
117	83
118	1
119	18
120	34
121	14
122	0
123	34
124	20
125	50
126	20
127	36
128	13
129	5
130	18
131	36
132	6
133	0
134	74
135	2
136	71
137	1
138	21
139	21
140	1
141	1
142	1
143	59
144	13
145	5
146	32
147	1
148	18
149	77
150	5
151	72
152	34
153	47
154	8
155	18
156	2
157	3
158	72
159	126
160	6
161	126
162	14
163	28
164	11
165	31
166	39
167	46
168	116
169	116
170	39
171	42
172	39
173	101
174	15
175	52
176	68
177	5
178	18
179	26
180	39
181	81
182	8
183	84
184	11
185	0
186	15
187	39
188	42
189	3
190	26
191	36
192	106
193	2
194	0
195	78
196	12
197	26
198	30
199	178
200	139
201	18
202	44
203	16
204	5
205	49
206	1
207	55
208	34
209	44
210	43
211	164
212	3
213	57
214	11
215	54
216	49
217	7
218	197
219	1
220	7
221	40
222	44
223	74
224	18
225	32
226	101
227	3
228	59
229	84
230	120
231	49
232	19
233	35
234	3
235	38
236	14
237	5
238	101
239	35
240	17
241	50
242	13
243	166
244	71
245	40
246	35
247	77
248	27
249	9
250	175
251	49
252	140
253	1
254	11
255	27
256	9
257	36
258	59
259	15
260	13
261	15
262	1
263	182
264	68
265	14
266	16
267	72
268	35
269	216
270	227
271	104
272	26
273	16
274	39
275	78
276	71
277	51
278	54
279	143
280	53
281	80
282	186
283	68
284	3
285	35
286	84
287	12
288	188
289	272
290	3
291	103
292	74
293	14
294	26
295	15
296	36
297	0
298	11
299	15
300	21
301	23
302	243
303	39
304	178
305	62
306	38
307	235
308	3
309	243
310	47
311	47
312	148
313	9
314	164
315	0
316	61
317	59
318	18
319	6
320	0
321	1
322	57
323	5
324	175
325	59
326	272
327	57
328	212
329	194
330	101
331	72
332	149
333	57
334	117
335	49
336	196
337	18
338	148
339	39
340	49
341	21
342	84
343	227
344	138
345	51
346	197
347	50
348	6
349	48
350	154
351	35
352	51
353	243
354	221
355	199
356	74
357	23
358	101
359	40
360	314
361	276
362	1
363	16
364	182
365	74
366	284
367	71
368	94
369	2
370	25
371	137
372	29
373	16
374	117
375	8
376	84
377	1
378	140
379	36
380	29
381	241
382	326
383	344
384	222
385	68
386	239
387	126
388	137
389	187
390	154
391	9
392	3
393	102
394	185
395	53
396	114
397	61
398	14
399	102
400	75
401	276
402	119
403	107
404	94
405	110
406	148
407	1
408	146
409	314
410	26
411	102
412	148
413	351
414	35
415	72
416	61
417	238
418	190
419	235
420	54
421	397
422	62
423	29
424	26
425	18
426	110
427	22
428	34
429	351
430	56
431	38
432	77
433	276
434	49
435	15
436	227
437	38
438	221
439	44
440	150
441	32
442	78
443	190
444	71
445	388
446	158
447	341
448	5
449	35
450	128
451	128
452	164
453	72
454	36
455	38
456	372
457	19
458	38
459	282
460	50
461	224
462	5
463	94
464	49
465	64
466	47
467	269
468	67
469	132
470	8
471	361
472	243
473	29
474	336
475	41
476	203
477	22
478	41
479	249
480	295
481	6
482	289
483	23
484	256
485	21
486	26
487	147
488	137
489	84
490	37
491	0
492	22
493	1
494	26
495	13
496	99
497	68
498	43
499	75
500	143
501	401
502	13
503	17
504	72
505	1
506	28
507	49
508	49
509	71
510	218
511	93
512	312
513	39
514	35
515	39
516	22
517	235
518	176
519	85
520	236
521	122
522	49
523	137
524	33
525	32
526	78
527	59
528	27
529	36
530	143
531	11
532	16
533	11
534	50
535	38
536	89
537	150
538	59
539	4
540	65
541	18
542	284
543	38
544	364
545	89
546	62
547	36
548	418
549	3
550	61
551	117
552	278
553	75
554	92
555	5
556	36
557	47
558	72
559	34
560	99
561	199
562	99
563	428
564	39
565	76
566	85
567	53
568	204
569	372
570	14
571	236
572	26
573	460
574	284
575	247
576	109
577	364
578	3
579	63
580	8
581	98
582	174
583	38
584	32
585	65
586	21
587	47
588	350
589	154
590	17
591	106
592	163
593	118
594	30
595	297
596	375
597	314
598	74
599	35
600	20
601	333
602	282
603	146
604	9
605	333
606	111
607	172
608	76
609	62
610	3
611	32
612	142
613	314
614	1
615	369
616	284
617	11
618	175
619	233
620	14
621	293
622	16
623	329
624	38
625	159
626	32
627	21
628	34
629	85
630	29
631	88
632	122
633	30
634	79
635	437
636	139
637	50
638	185
639	27
640	39
641	3
642	31
643	102
644	155
645	207
646	111
647	336
648	14
649	357
650	18
651	295
652	208
653	203
654	49
655	201
656	506
657	235
658	13
659	235
660	163
661	437
662	56
663	101
664	420
665	187
666	56
667	143
668	49
669	564
670	169
671	603
672	36
673	22
674	13
675	1
676	295
677	69
678	38
679	204
680	83
681	282
682	179
683	357
684	79
685	1
686	233
687	49
688	8
689	32
690	343
691	192
692	94
693	15
694	241
695	56
696	218
697	186
698	160
699	347
700	61
701	15
702	180
703	94
704	106
705	344
706	98
707	13
708	38
709	19
710	1
711	460
712	63
713	149
714	92
715	216
716	14
717	14
718	22
719	39
720	147
721	285
722	63
723	69
724	284
725	344
726	93
727	71
728	14
729	496
730	8
731	36
732	3
733	169
734	26
735	49
736	33
737	51
738	181
739	584
740	32
741	329
742	294
743	13
744	8
745	71
746	236
747	79
748	258
749	5
750	357
751	398
752	480
753	122
754	102
755	29
756	221
757	0
758	114
759	37
760	436
761	75
762	388
763	168
764	0
765	274
766	225
767	59
768	343
769	694
770	83
771	12
772	83
773	14
774	21
775	88
776	72
777	122
778	154
779	398
780	21
781	360
782	49
783	331
784	106
785	340
786	150
787	62
788	336
789	397
790	418
791	119
792	34
793	584
794	388
795	39
796	129
797	69
798	24
799	14
800	86
801	188
802	1
803	0
804	77
805	94
806	50
807	456
808	141
809	74
810	83
811	0
812	63
813	71
814	10
815	37
816	408
817	94
818	282
819	49
820	219
821	278
822	74
823	584
824	94
825	196
826	105
827	149
828	624
829	44
830	29
831	117
832	35
833	294
834	121
835	404
836	319
837	295
838	694
839	83
840	187
841	556
842	18
843	276
844	13
845	18
846	448
847	460
848	42
849	192
850	330
851	410
852	144
853	83
854	19
855	137
856	40
857	118
858	520
859	679
860	54
861	18
862	579
863	44
864	5
865	188
866	420
867	150
868	266
869	166
870	297
871	68
872	21
873	496
874	74
875	2
876	329
877	710
878	289
879	44
880	100
881	18
882	659
883	123
884	448
885	45
886	58
887	13
888	219
889	41
890	122
891	101
892	102
893	357
894	64
895	328
896	20
897	294
898	294
899	60
900	556
901	34
902	509
903	147
904	2
905	64
906	52
907	38
908	68
909	78
910	68
911	258
912	58
913	102
914	418
915	123
916	13
917	179
918	411
919	176
920	74
921	213
922	480
923	74
924	168
925	97
926	563
927	312
928	411
929	480
930	344
931	361
932	184
933	84
934	207
935	203
936	76
937	165
938	172
939	16
940	87
941	2
942	208
943	607
944	514
945	179
946	132
947	361
948	86
949	286
950	7
951	33
952	515
953	239
954	334
955	41
956	335
957	45
958	267
959	106
960	249
961	48
962	93
963	479
964	100
965	293
966	401
967	96
968	408
969	50
970	64
971	105
972	62
973	482
974	1
975	48
976	3
977	420
978	74
979	141
980	0
981	249
982	46
983	20
984	449
985	325
986	90
987	185
988	362
989	193
990	356
991	331
992	74
993	301
994	243
995	1
996	13
997	200
998	31
999	900
1000	47
1001	13
1002	138
1003	5
1004	5
1005	584
1006	855
1007	80
1008	599
1009	166
1010	49
1011	56
1012	36
1013	50
1014	25
1015	25
1016	470
1017	118
1018	335
1019	14
1020	54
1021	13
1022	618
1023	290
1024	684
1025	380
1026	15
1027	584
1028	364
1029	715
1030	388
1031	294
1032	262
1033	78
1034	234
1035	194
1036	208
1037	187
1038	108
1039	649
1040	723
1041	21
1042	45
1043	339
1044	3
1045	37
1046	392
1047	855
1048	86
1049	277
1050	941
1051	716
1052	420
1053	30
1054	121
1055	166
1056	262
1057	375
1058	181
1059	11
1060	523
1061	101
1062	150
1063	193
1064	104
1065	294
1066	166
1067	335
1068	20
1069	326
1070	196
1071	162
1072	19
1073	90
1074	19
1075	118
1076	118
1077	480
1078	365
1079	146
1080	53
1081	175
1082	442
1083	104
1084	122
1085	18
1086	31
1087	599
1088	1
1089	248
1090	49
1091	401
1092	149
1093	563
1094	27
1095	282
1096	20
1097	1
1098	158
1099	103
1100	274
1101	19
1102	197
1103	316
1104	13
1105	410
1106	48
1107	468
1108	203
1109	71
1110	71
1111	576
1112	50
1113	379
1114	255
1115	759
1116	137
1117	282
1118	216
1119	976
1120	252
1121	493
1122	123
1123	251
1124	460
1125	16
1126	809
1127	502
1128	187
1129	101
1130	194
1131	289
1132	38
1133	103
1134	31
1135	74
1136	211
1137	304
1138	254
1139	11
1140	110
1141	364
1142	282
1143	18
1144	119
1145	150
1146	202
1147	851
1148	168
1149	208
1150	193
1151	26
1152	48
1153	402
1154	114
1155	3
1156	1035
1157	17
1158	362
1159	251
1160	431
1161	329
1162	91
1163	457
1164	1070
1165	279
1166	448
1167	20
1168	54
1169	208
1170	528
1171	490
1172	262
1173	382
1174	263
1175	537
1176	611
1177	269
1178	29
1179	115
1180	118
1181	543
1182	207
1183	201
1184	269
1185	289
1186	14
1187	118
1188	67
1189	77
1190	397
1191	920
1192	94
1193	607
1194	795
1195	548
1196	379
1197	186
1198	900
1199	300
1200	101
1201	926
1202	24
1203	100
1204	54
1205	86
1206	143
1207	196
1208	318
1209	49
1210	437
1211	802
1212	241
1213	103
1214	71
1215	341
1216	266
1217	880
1218	50
1219	717
1220	548
1221	249
1222	635
1223	231
1224	457
1225	33
1226	329
1227	19
1228	786
1229	284
1230	52
1231	160
1232	282
1233	77
1234	150
1235	105
1236	580
1237	13
1238	964
1239	234
1240	782
1241	1020
1242	929
1243	74
1244	1204
1245	46
1246	460
1247	551
1248	420
1249	4
1250	25
1251	248
1252	937
1253	716
1254	66
1255	816
1256	39
1257	103
1258	1020
1259	657
1260	148
1261	437
1262	595
1263	418
1264	399
1265	580
1266	433
1267	382
1268	74
1269	523
1270	893
1271	282
1272	65
1273	164
1274	64
1275	346
1276	295
1277	351
1278	95
1279	448
1280	834
1281	431
1282	298
1283	519
1284	418
1285	329
1286	167
1287	667
1288	80
1289	83
1290	77
1291	468
1292	48
1293	39
1294	493
1295	316
1296	62
1297	564
1298	538
1299	147
1300	319
1301	291
1302	304
1303	184
1304	225
1305	789
1306	3
1307	110
1308	62
1309	12
1310	26
1311	88
1312	181
1313	356
1314	16
1315	386
1316	166
1317	117
1318	5
1319	71
1320	29
1321	413
1322	50
1323	878
1324	255
1325	222
1326	186
1327	437
1328	408
1329	13
1330	94
1331	468
1332	141
1333	415
1334	336
1335	314
1336	428
1337	420
1338	284
1339	22
1340	150
1341	329
1342	420
1343	402
1344	411
1345	519
1346	122
1347	21
1348	35
1349	193
1350	1200
1351	420
1352	49
1353	247
1354	7
1355	169
1356	591
1357	251
1358	732
1359	574
1360	1090
1361	21
1362	16
1363	607
1364	564
1365	190
1366	848
1367	20
1368	496
1369	395
1370	464
1371	150
1372	164
1373	893
1374	448
1375	284
1376	241
1377	295
1378	414
1379	516
1380	786
1381	786
1382	52
1383	110
1384	746
1385	590
1386	331
1387	976
1388	437
1389	809
1390	74
1391	584
1392	984
1393	580
1394	123
1395	256
1396	329
1397	577
1398	52
1399	33
1400	37
1401	870
1402	543
1403	874
1404	79
1405	49
1406	84
1407	20
1408	346
1409	473
1410	49
1411	807
1412	129
1413	564
1414	168
1415	607
1416	599
1417	14
1418	557
1419	813
1420	517
1421	190
1422	477
1423	186
1424	101
1425	69
1426	282
1427	913
1428	498
1429	214
1430	619
1431	356
1432	55
1433	92
1434	103
1435	401
1436	187
1437	231
1438	611
1439	14
1440	62
1441	38
1442	365
1443	557
1444	35
1445	159
1446	470
1447	1179
1448	1265
1449	1036
1450	82
1451	259
1452	725
1453	62
1454	202
1455	371
1456	212
1457	156
1458	188
1459	118
1460	113
1461	398
1462	271
1463	166
1464	388
1465	460
1466	732
1467	580
1468	60
1469	17
1470	194
1471	11
1472	966
1473	605
1474	184
1475	298
1476	430
1477	626
1478	38
1479	244
1480	648
1481	556
1482	47
1483	750
1484	253
1485	248
1486	0
1487	275
1488	148
1489	309
1490	84
1491	76
1492	2
1493	99
1494	740
1495	725
1496	778
1497	102
1498	1200
1499	1079
1500	74
1501	109
1502	57
1503	74
1504	126
1505	277
1506	83
1507	44
1508	22
1509	108
1510	50
1511	1179
1512	1137
1513	821
1514	3
1515	667
1516	174
1517	139
1518	110
1519	1260
1520	76
1521	117
1522	317
1523	208
1524	1300
1525	1275
1526	1229
1527	808
1528	1064
1529	448
1530	1441
1531	595
1532	988
1533	15
1534	401
1535	21
1536	74
1537	238
1538	1006
1539	46
1540	418
1541	9
1542	121
1543	42
1544	160
1545	805
1546	676
1547	271
1548	90
1549	471
1550	60
1551	1155
1552	344
1553	157
1554	1222
1555	103
1556	46
1557	269
1558	334
1559	920
1560	19
1561	541
1562	199
1563	31
1564	268
1565	335
1566	81
1567	0
1568	463
1569	199
1570	206
1571	160
1572	27
1573	103
1574	1154
1575	104
1576	519
1577	598
1578	1204
1579	563
1580	325
1581	809
1582	813
1583	7
1584	168
1585	1199
1586	295
1587	981
1588	411
1589	1200
1590	122
1591	18
1592	441
1593	213
1594	8
1595	2
1596	52
1597	649
1598	127
1599	286
1600	778
1601	463
1602	1020
1603	248
1604	822
1605	13
1606	96
1607	838
1608	910
1609	75
1610	78
1611	150
1612	190
1613	275
1614	150
1615	62
1616	468
1617	1234
1618	17
1619	900
1620	91
1621	132
1622	13
1623	1354
1624	100
1625	1206
1626	521
1627	681
1628	1356
1629	52
1630	160
1631	1146
1632	113
1633	190
1634	168
1635	0
1636	18
1637	574
1638	677
1639	657
1640	37
1641	184
1642	115
1643	1242
1644	516
1645	993
1646	1079
1647	441
1648	984
1649	398
1650	56
1651	1477
1652	96
1653	90
1654	47
1655	870
1656	94
1657	596
1658	26
1659	479
1660	765
1661	18
1662	139
1663	175
1664	147
1665	1300
1666	225
1667	190
1668	102
1669	112
1670	91
1671	574
1672	420
1673	910
1674	332
1675	190
1676	1128
1677	21
1678	262
1679	7
1680	1374
1681	292
1682	400
1683	561
1684	1158
1685	745
1686	1364
1687	402
1688	429
1689	423
1690	271
1691	158
1692	1017
1693	188
1694	458
1695	1256
1696	251
1697	289
1698	830
1699	489
1700	764
1701	26
1702	29
1703	443
1704	821
1705	26
1706	149
1707	52
1708	35
1709	548
1710	302
1711	38
1712	89
1713	63
1714	482
1715	35
1716	163
1717	94
1718	772
1719	830
1720	307
1721	402
1722	236
1723	1374
1724	557
1725	75
1726	1037
1727	351
1728	1005
1729	138
1730	1258
1731	461
1732	442
1733	951
1734	848
1735	181
1736	365
1737	77
1738	871
1739	68
1740	433
1741	254
1742	606
1743	264
1744	22
1745	646
1746	1182
1747	149
1748	357
1749	14
1750	28
1751	446
1752	335
1753	850
1754	1308
1755	147
1756	122
1757	1295
1758	1
1759	79
1760	1338
1761	384
1762	186
1763	179
1764	101
1765	118
1766	31
1767	817
1768	338
1769	1320
1770	1300
1771	126
1772	69
1773	1123
1774	122
1775	85
1776	460
1777	52
1778	253
1779	791
1780	158
1781	143
1782	782
1783	339
1784	75
1785	75
1786	650
1787	1229
1788	297
1789	60
1790	195
1791	1620
1792	322
1793	927
1794	282
1795	648
1796	473
1797	229
1798	943
1799	1204
1800	480
1801	431
1802	18
1803	94
1804	109
1805	562
1806	1196
1807	37
1808	103
1809	301
1810	146
1811	315
1812	182
1813	1088
1814	147
1815	457
1816	351
1817	506
1818	16
1819	142
1820	380
1821	1235
1822	249
1823	413
1824	1111
1825	472
1826	15
1827	295
1828	158
1829	882
1830	380
1831	16
1832	37
1833	605
1834	4
1835	1309
1836	194
1837	1309
1838	753
1839	984
1840	861
1841	725
1842	916
1843	883
1844	333
1845	920
1846	880
1847	255
1848	1357
1849	835
1850	523
1851	649
1852	81
1853	168
1854	31
1855	651
1856	74
1857	101
1858	344
1859	537
1860	711
1861	951
1862	201
1863	1179
1864	243
1865	981
1866	563
1867	196
1868	994
1869	312
1870	402
1871	624
1872	683
1873	0
1874	123
1875	30
1876	413
1877	472
1878	405
1879	723
1880	139
1881	1196
1882	509
1883	147
1884	260
1885	447
1886	851
1887	816
1888	202
1889	347
1890	15
1891	297
1892	1521
1893	1583
1894	247
1895	448
1896	472
1897	103
1898	382
1899	13
1900	537
1901	156
1902	879
1903	605
1904	100
1905	407
1906	228
1907	537
1908	31
1909	1084
1910	252
1911	735
1912	286
1913	507
1914	13
1915	212
1916	294
1917	166
1918	333
1919	157
1920	423
1921	879
1922	179
1923	277
1924	203
1925	293
1926	56
1927	1751
1928	213
1929	356
1930	16
1931	318
1932	506
1933	861
1934	292
1935	401
1936	586
1937	189
1938	69
1939	937
1940	137
1941	161
1942	20
1943	32
1944	262
1945	19
1946	74
1947	154
1948	15
1949	78
1950	1392
1951	31
1952	460
1953	12
1954	27
1955	543
1956	72
1957	128
1958	56
1959	69
1960	439
1961	166
1962	1
1963	46
1964	515
1965	1241
1966	1241
1967	987
1968	308
1969	22
1970	756
1971	2
1972	649
1973	1062
1974	984
1975	716
1976	26
1977	315
1978	215
1979	15
1980	107
1981	335
1982	365
1983	6
1984	516
1985	1106
1986	977
1987	300
1988	164
1989	893
1990	194
1991	941
1992	29
1993	231
1994	491
1995	634
1996	312
1997	243
1998	278
1999	1372
2000	1373
2001	515
2002	1184
2003	340
2004	895
2005	774
2006	182
2007	373
2008	779
2009	925
2010	269
2011	716
2012	1062
2013	20
2014	448
2015	146
2016	615
2017	1052
2018	172
2019	576
2020	408
2021	49
2022	765
2023	479
2024	620
2025	1366
2026	1676
2027	297
2028	1737
2029	1341
2030	190
2031	1234
2032	1017
2033	293
2034	31
2035	482
2036	16
2037	365
2038	104
2039	95
2040	46
2041	78
2042	1366
2043	53
2044	1256
2045	1262
2046	388
2047	3
2048	1612
2049	62
2050	614
2051	330
2052	134
2053	499
2054	1140
2055	388
2056	94
2057	1108
2058	1356
2059	1031
2060	202
2061	79
2062	255
2063	1
2064	1832
2065	837
2066	692
2067	202
2068	1101
2069	317
2070	218
2071	1678
2072	399
2073	272
2074	182
2075	118
2076	1309
2077	63
2078	35
2079	231
2080	1584
2081	49
2082	805
2083	697
2084	1504
2085	1220
2086	621
2087	725
2088	181
2089	26
2090	694
2091	1248
2092	17
2093	253
2094	515
2095	437
2096	10
2097	791
2098	262
2099	805
2100	317
2101	1793
2102	880
2103	276
2104	782
2105	1298
2106	377
2107	53
2108	336
2109	75
2110	1441
2111	926
2112	1005
2113	710
2114	164
2115	61
2116	1115
2117	603
2118	333
2119	1567
2120	36
2121	347
2122	619
2123	868
2124	651
2125	437
2126	457
2127	121
2128	925
2129	2014
2130	611
2131	32
2132	1679
2133	338
2134	779
2135	1037
2136	142
2137	209
2138	821
2139	278
2140	1707
2141	893
2142	431
2143	116
2144	1613
2145	299
2146	1318
2147	1374
2148	90
2149	1288
2150	260
2151	141
2152	24
2153	332
2154	388
2155	1365
2156	71
2157	269
2158	607
2159	402
2160	1009
2161	63
2162	594
2163	1627
2164	418
2165	1206
2166	830
2167	369
2168	48
2169	320
2170	112
2171	1707
2172	1196
2173	146
2174	1303
2175	196
2176	402
2177	1013
2178	1036
2179	137
2180	52
2181	753
2182	871
2183	1003
2184	53
2185	58
2186	148
2187	1101
2188	272
2189	823
2190	365
2191	277
2192	382
2193	895
2194	741
2195	811
2196	22
2197	146
2198	1575
2199	1239
2200	624
2201	1537
2202	85
2203	241
2204	275
2205	74
2206	1204
2207	871
2208	50
2209	1041
2210	287
2211	850
2212	336
2213	105
2214	139
2215	759
2216	34
2217	149
2218	40
2219	1071
2220	100
2221	287
2222	84
2223	339
2224	64
2225	1075
2226	1326
2227	679
2228	220
2229	168
2230	0
2231	657
2232	636
2233	405
2234	557
2235	163
2236	266
2237	1288
2238	144
2239	768
2240	835
2241	330
2242	251
2243	258
2244	324
2245	519
2246	1309
2247	154
2248	1462
2249	830
2250	93
2251	190
2252	132
2253	591
2254	322
2255	612
2256	866
2257	838
2258	369
2259	194
2260	172
2261	667
2262	1451
2263	56
2264	14
2265	38
2266	77
2267	137
2268	1101
2269	451
2270	180
2271	259
2272	697
2273	398
2274	4
2275	42
2276	1507
2277	1200
2278	1027
2279	466
2280	65
2281	1758
2282	1017
2283	907
2284	772
2285	292
2286	95
2287	566
2288	276
2289	1364
2290	154
2291	1906
2292	560
2293	480
2294	333
2295	164
2296	1234
2297	593
2298	420
2299	14
2300	732
2301	574
2302	1803
2303	101
2304	55
2305	809
2306	52
2307	680
2308	1
2309	667
2310	100
2311	46
2312	669
2313	1074
2314	122
2315	407
2316	49
2317	591
2318	1215
2319	277
2320	837
2321	384
2322	811
2323	1395
2324	850
2325	456
2326	401
2327	8
2328	1970
2329	1975
2330	168
2331	238
2332	807
2333	1733
2334	578
2335	1760
2336	721
2337	1244
2338	291
2339	54
2340	606
2341	20
2342	1571
2343	295
2344	1373
2345	1449
2346	646
2347	13
2348	557
2349	1052
2350	1445
2351	94
2352	1234
2353	380
2354	730
2355	634
2356	315
2357	316
2358	103
2359	727
2360	835
2361	661
2362	443
2363	437
2364	1101
2365	1177
2366	382
2367	430
2368	178
2369	2117
2370	62
2371	358
2372	1108
2373	123
2374	190
2375	979
2376	1143
2377	191
2378	1027
2379	19
2380	1813
2381	19
2382	148
2383	101
2384	1
2385	314
2386	112
2387	1084
2388	258
2389	611
2390	952
2391	112
2392	8
2393	36
2394	742
2395	2149
2396	19
2397	405
2398	94
2399	480
2400	337
2401	39
2402	146
2403	337
2404	317
2405	620
2406	244
2407	340
2408	1922
2409	1751
2410	772
2411	1071
2412	612
2413	799
2414	55
2415	1070
2416	32
2417	1161
2418	815
2419	469
2420	48
2421	55
2422	177
2423	337
2424	104
2425	1474
2426	116
2427	646
2428	1373
2429	120
2430	1512
2431	307
2432	36
2433	290
2434	103
2435	2117
2436	179
2437	150
2438	547
2439	453
2440	509
2441	1261
2442	580
2443	615
2444	1051
2445	372
2446	1567
2447	1644
2448	1288
2449	134
2450	356
2451	778
2452	1049
2453	897
2454	351
2455	55
2456	767
2457	1417
2458	875
2459	337
2460	926
2461	515
2462	453
2463	715
2464	850
2465	631
2466	713
2467	215
2468	1751
2469	28
2470	576
2471	1130
2472	1487
2473	48
2474	2241
2475	137
2476	654
2477	584
2478	313
2479	511
2480	21
2481	448
2482	369
2483	297
2484	1906
2485	937
2486	267
2487	99
2488	346
2489	35
2490	324
2491	757
2492	298
2493	1802
2494	294
2495	19
2496	69
2497	256
2498	84
2499	150
2500	1626
2501	723
2502	124
2503	28
2504	241
2505	278
2506	332
2507	677
2508	56
2509	499
2510	239
2511	62
2512	308
2513	1133
2514	365
2515	337
2516	282
2517	337
2518	26
2519	910
2520	60
2521	369
2522	747
2523	24
2524	694
2525	521
2526	1298
2527	506
2528	740
2529	1970
2530	437
2531	1326
2532	2232
2533	146
2534	760
2535	1268
2536	258
2537	502
2538	168
2539	480
2540	830
2541	418
2542	193
2543	849
2544	34
2545	12
2546	480
2547	230
2548	50
2549	651
2550	1073
2551	86
2552	1626
2553	1749
2554	878
2555	1219
2556	655
2557	45
2558	54
2559	1626
2560	968
2561	456
2562	2127
2563	532
2564	247
2565	732
2566	574
2567	1516
2568	330
2569	498
2570	1062
2571	282
2572	40
2573	1029
2574	92
2575	52
2576	72
2577	1356
2578	460
2579	52
2580	0
2581	1505
2582	1868
2583	1041
2584	182
2585	717
2586	1737
2587	82
2588	19
2589	297
2590	993
2591	473
2592	1070
2593	61
2594	1742
2595	278
2596	320
2597	115
2598	149
2599	388
2600	90
2601	356
2602	795
2603	1340
2604	468
2605	516
2606	31
2607	517
2608	1528
2609	463
2610	1815
2611	598
2612	316
2613	910
2614	762
2615	164
2616	68
2617	445
2618	314
2619	315
2620	294
2621	44
2622	31
2623	249
2624	1071
2625	1493
2626	379
2627	889
2628	130
2629	603
2630	452
2631	147
2632	6
2633	402
2634	122
2635	189
2636	580
2637	1658
2638	148
2639	2233
2640	1981
2641	502
2642	295
2643	336
2644	16
2645	16
2646	2141
2647	2028
2648	192
2649	80
2650	47
2651	326
2652	2241
2653	848
2654	130
2655	1417
2656	2142
2657	1528
2658	1606
2659	29
2660	78
2661	117
2662	52
2663	197
2664	1806
2665	1006
2666	356
2667	1900
2668	73
2669	467
2670	287
2671	19
2672	61
2673	114
2674	699
2675	1752
2676	830
2677	401
2678	1445
2679	931
2680	773
2681	516
2682	149
2683	519
2684	871
2685	1144
2686	1154
2687	1025
2688	1377
2689	184
2690	63
2691	2233
2692	1499
2693	1367
2694	1115
2695	148
2696	856
2697	1962
2698	789
2699	208
2700	1599
2701	263
2702	279
2703	420
2704	1279
2705	254
2706	178
2707	907
2708	1128
2709	981
2710	584
2711	759
2712	469
2713	1571
2714	1136
2715	94
2716	256
2717	46
2718	1575
2719	1084
2720	339
2721	2142
2722	782
2723	78
2724	252
2725	2573
2726	874
2727	83
2728	511
2729	269
2730	118
2731	1
2732	198
2733	523
2734	273
2735	1567
2736	211
2737	407
2738	1264
2739	897
2740	35
2741	562
2742	847
2743	89
2744	1100
2745	261
2746	1381
2747	656
2748	802
2749	148
2750	778
2751	1071
2752	1297
2753	121
2754	1069
2755	1806
2756	1280
2757	976
2758	1260
2759	18
2760	1101
2761	381
2762	313
2763	437
2764	416
2765	6
2766	36
2767	1431
2768	118
2769	1451
2770	430
2771	257
2772	242
2773	12
2774	580
2775	115
2776	312
2777	667
2778	402
2779	796
2780	212
2781	1002
2782	1933
2783	194
2784	2379
2785	1504
2786	69
2787	2716
2788	958
2789	3
2790	1002
2791	423
2792	1388
2793	654
2794	50
2795	16
2796	1109
2797	212
2798	82
2799	453
2800	52
2801	50
2802	862
2803	190
2804	1071
2805	376
2806	1933
2807	73
2808	590
2809	1020
2810	1064
2811	278
2812	77
2813	50
2814	1071
2815	1525
2816	607
2817	802
2818	35
2819	215
2820	72
2821	32
2822	317
2823	180
2824	496
2825	1177
2826	31
2827	120
2828	126
2829	168
2830	1441
2831	641
2832	402
2833	480
2834	1200
2835	39
2836	1591
2837	297
2838	1601
2839	72
2840	633
2841	263
2842	740
2843	31
2844	1040
2845	103
2846	504
2847	207
2848	966
2849	29
2850	456
2851	1220
2852	229
2853	1343
2854	445
2855	591
2856	19
2857	504
2858	661
2859	991
2860	499
2861	1205
2862	398
2863	463
2864	282
2865	278
2866	717
2867	323
2868	1300
2869	541
2870	369
2871	1609
2872	390
2873	1004
2874	2775
2875	417
2876	39
2877	61
2878	211
2879	1099
2880	1898
2881	333
2882	2005
2883	177
2884	311
2885	1071
2886	388
2887	20
2888	1421
2889	443
2890	1073
2891	1168
2892	1215
2893	258
2894	57
2895	65
2896	532
2897	2075
2898	896
2899	1728
2900	900
2901	574
2902	708
2903	2126
2904	1114
2905	2232
2906	1374
2907	263
2908	62
2909	428
2910	822
2911	1119
2912	537
2913	1417
2914	416
2915	71
2916	714
2917	75
2918	1372
2919	53
2920	569
2921	46
2922	1157
2923	2144
2924	817
2925	480
2926	84
2927	78
2928	105
2929	421
2930	896
2931	51
2932	1599
2933	122
2934	46
2935	1710
2936	297
2937	1265
2938	198
2939	100
2940	2060
2941	252
2942	116
2943	294
2944	356
2945	60
2946	499
2947	504
2948	113
2949	1234
2950	1244
2951	1530
2952	618
2953	2116
2954	1279
2955	2150
2956	2521
2957	117
2958	402
2959	353
2960	742
2961	980
2962	5
2963	13
2964	1152
2965	991
2966	61
2967	286
2968	1836
2969	456
2970	764
2971	1603
2972	423
2973	76
2974	1074
2975	356
2976	109
2977	469
2978	1036
2979	1244
2980	161
2981	39
2982	900
2983	390
2984	1006
2985	1182
2986	1471
2987	155
2988	539
2989	2278
2990	61
2991	1473
2992	375
2993	1053
2994	626
2995	358
2996	1221
2997	103
2998	810
2999	299
3000	716
3001	297
3002	1242
3003	1337
3004	1487
3005	286
3006	776
3007	273
3008	2144
3009	1
3010	332
3011	823
3012	762
3013	548
3014	1036
3015	131
3016	1371
3017	233
3018	2379
3019	2627
3020	866
3021	2038
3022	2116
3023	1224
3024	2701
3025	1427
3026	862
3027	185
3028	879
3029	953
3030	1419
3031	1143
3032	843
3033	1241
3034	31
3035	580
3036	80
3037	680
3038	1317
3039	830
3040	348
3041	168
3042	222
3043	649
3044	116
3045	1451
3046	1578
3047	786
3048	2669
3049	146
3050	1108
3051	47
3052	376
3053	2603
3054	1356
3055	551
3056	850
3057	88
3058	1200
3059	1306
3060	443
3061	19
3062	360
3063	42
3064	32
3065	715
3066	263
3067	91
3068	968
3069	247
3070	193
3071	291
3072	269
3073	32
3074	75
3075	290
3076	2113
3077	574
3078	1644
3079	400
3080	77
3081	1006
3082	2553
3083	1354
3084	1085
3085	2473
3086	118
3087	2800
3088	584
3089	1644
3090	196
3091	14
3092	16
3093	1935
3094	357
3095	838
3096	349
3097	1698
3098	1287
3099	496
3100	547
3101	1280
3102	381
3103	1752
3104	1016
3105	211
3106	934
3107	351
3108	52
3109	914
3110	40
3111	402
3112	224
3113	612
3114	1107
3115	823
3116	275
3117	519
3118	635
3119	212
3120	742
3121	178
3122	147
3123	15
3124	81
3125	1327
3126	2530
3127	456
3128	241
3129	156
3130	827
3131	13
3132	56
3133	923
3134	19
3135	1340
3136	100
3137	207
3138	651
3139	141
3140	456
3141	20
3142	331
3143	437
3144	987
3145	104
3146	750
3147	116
3148	59
3149	1164
3150	1099
3151	2
3152	1200
3153	16
3154	333
3155	1092
3156	684
3157	2116
3158	13
3159	1506
3160	1909
3161	442
3162	580
3163	1747
3164	327
3165	1414
3166	1473
3167	1955
3168	1087
3169	2133
3170	1003
3171	597
3172	204
3173	584
3174	287
3175	338
3176	900
3177	10
3178	391
3179	300
3180	137
3181	1739
3182	1239
3183	1255
3184	128
3185	657
3186	1231
3187	539
3188	337
3189	1492
3190	1203
3191	2443
3192	1158
3193	117
3194	1583
3195	1327
3196	1956
3197	52
3198	35
3199	673
3200	537
3201	2381
3202	686
3203	1499
3204	480
3205	44
3206	336
3207	1202
3208	537
3209	1854
3210	566
3211	284
3212	1021
3213	473
3214	537
3215	42
3216	1178
3217	1535
3218	1633
3219	35
3220	1583
3221	1092
3222	1785
3223	1003
3224	1086
3225	204
3226	590
3227	1086
3228	1505
3229	1575
3230	686
3231	275
3232	659
3233	221
3234	307
3235	1392
3236	2274
3237	25
3238	1356
3239	719
3240	451
3241	480
3242	280
3243	100
3244	181
3245	2829
3246	197
3247	929
3248	968
3249	318
3250	55
3251	169
3252	157
3253	636
3254	1468
3255	168
3256	747
3257	177
3258	1128
3259	1346
3260	1629
3261	309
3262	84
3263	27
3264	247
3265	830
3266	3038
3267	139
3268	298
3269	1962
3270	1601
3271	976
3272	2187
3273	962
3274	631
3275	130
3276	365
3277	298
3278	463
3279	779
3280	338
3281	276
3282	789
3283	1093
3284	1501
3285	685
3286	1295
3287	27
3288	1161
3289	894
3290	48
3291	976
3292	823
3293	340
3294	1914
3295	685
3296	1612
3297	1601
3298	35
3299	2775
3300	374
3301	1877
3302	923
3303	2050
3304	215
3305	336
3306	2609
3307	740
3308	375
3309	269
3310	374
3311	1517
3312	362
3313	1179
3314	1689
3315	1356
3316	1793
3317	390
3318	72
3319	456
3320	104
3321	52
3322	1855
3323	388
3324	295
3325	1931
3326	570
3327	2230
3328	1792
3329	74
3330	336
3331	1073
3332	284
3333	1044
3334	1797
3335	471
3336	1181
3337	388
3338	2757
3339	1476
3340	1094
3341	290
3342	398
3343	1239
3344	1572
3345	206
3346	2066
3347	394
3348	103
3349	1328
3350	2116
3351	874
3352	62
3353	1277
3354	1354
3355	1144
3356	896
3357	150
3358	742
3359	1377
3360	259
3361	129
3362	437
3363	1279
3364	1632
3365	1970
3366	443
3367	105
3368	451
3369	86
3370	732
3371	281
3372	115
3373	875
3374	957
3375	122
3376	839
3377	149
3378	134
3379	1614
3380	2144
3381	1447
3382	402
3383	282
3384	959
3385	2022
3386	113
3387	3
3388	1179
3389	920
3390	172
3391	603
3392	527
3393	158
3394	34
3395	14
3396	2307
3397	1851
3398	357
3399	1369
3400	1207
3401	77
3402	2495
3403	999
3404	351
3405	37
3406	866
3407	14
3408	1205
3409	908
3410	5
3411	2174
3412	1221
3413	3046
3414	85
3415	811
3416	1380
3417	1552
3418	2218
3419	564
3420	178
3421	356
3422	1775
3423	925
3424	461
3425	456
3426	564
3427	158
3428	50
3429	91
3430	36
3431	401
3432	448
3433	502
3434	514
3435	35
3436	387
3437	80
3438	140
3439	557
3440	657
3441	78
3442	1460
3443	1461
3444	1137
3445	360
3446	2180
3447	1538
3448	1001
3449	160
3450	463
3451	1477
3452	986
3453	42
3454	1439
3455	862
3456	703
3457	291
3458	448
3459	2559
3460	1819
3461	280
3462	1800
3463	360
3464	2144
3465	2717
3466	986
3467	982
3468	1975
3469	514
3470	83
3471	275
3472	1427
3473	1069
3474	204
3475	633
3476	473
3477	504
3478	38
3479	29
3480	760
3481	179
3482	897
3483	1668
3484	118
3485	36
3486	204
3487	192
3488	1671
3489	1494
3490	1484
3491	549
3492	2272
3493	324
3494	373
3495	597
3496	272
3497	1366
3498	2669
3499	1
3500	2143
3501	520
3502	392
3503	618
3504	402
3505	753
3506	535
3507	2620
3508	1033
3509	50
3510	1712
3511	878
3512	402
3513	331
3514	376
3515	1244
3516	847
3517	789
3518	7
3519	750
3520	76
3521	1023
3522	241
3523	790
3524	433
3525	835
3526	925
3527	1237
3528	408
3529	459
3530	132
3531	1356
3532	118
3533	470
3534	1056
3535	275
3536	9
3537	1445
3538	276
3539	791
3540	2361
3541	2144
3542	207
3543	1731
3544	1250
3545	1712
3546	946
3547	376
3548	1866
3549	388
3550	1271
3551	929
3552	381
3553	1749
3554	284
3555	1141
3556	1275
3557	201
3558	26
3559	1952
3560	29
3561	122
3562	143
3563	856
3564	1203
3565	2
3566	92
3567	2180
3568	57
3569	1362
3570	89
3571	1584
3572	860
3573	2809
3574	926
3575	2494
3576	562
3577	1832
3578	887
3579	2345
3580	1505
3581	1300
3582	8
3583	900
3584	1916
3585	252
3586	1963
3587	2814
3588	313
3589	786
3590	982
3591	1109
3592	1320
3593	1947
3594	1449
3595	20
3596	243
3597	1280
3598	1248
3599	1599
3600	903
3601	2894
3602	1749
3603	56
3604	169
3605	473
3606	593
3607	456
3608	233
3609	937
3610	1728
3611	2629
3612	141
3613	1571
3614	61
3615	1346
3616	845
3617	1748
3618	1713
3619	44
3620	242
3621	1758
3622	1462
3623	1167
3624	864
3625	767
3626	35
3627	193
3628	2494
3629	850
3630	21
3631	1554
3632	2519
3633	712
3634	584
3635	1713
3636	356
3637	3038
3638	1182
3639	1921
3640	631
3641	137
3642	1205
3643	76
3644	1087
3645	415
3646	774
3647	278
3648	180
3649	31
3650	58
3651	1668
3652	3004
3653	823
3654	1800
3655	7
3656	714
3657	913
3658	837
3659	63
3660	557
3661	1275
3662	597
3663	520
3664	13
3665	29
3666	80
3667	1521
3668	261
3669	148
3670	742
3671	2411
3672	1229
3673	1599
3674	903
3675	469
3676	1862
3677	1724
3678	329
3679	470
3680	365
3681	55
3682	519
3683	19
3684	443
3685	1449
3686	262
3687	126
3688	299
3689	1912
3690	98
3691	2383
3692	20
3693	401
3694	37
3695	1606
3696	830
3697	1808
3698	782
3699	1610
3700	196
3701	1854
3702	2545
3703	279
3704	964
3705	2646
3706	554
3707	18
3708	1335
3709	525
3710	2312
3711	299
3712	573
3713	1790
3714	483
3715	91
3716	519
3717	546
3718	483
3719	635
3720	1484
3721	871
3722	456
3723	1751
3724	837
3725	1392
3726	1090
3727	105
3728	875
3729	1911
3730	2350
3731	852
3732	2
3733	701
3734	926
3735	605
3736	1512
3737	411
3738	595
3739	1375
3740	20
3741	243
3742	1536
3743	749
3744	394
3745	33
3746	698
3747	112
3748	94
3749	712
3750	1318
3751	550
3752	1455
3753	8
3754	400
3755	135
3756	401
3757	521
3758	397
3759	1724
3760	208
3761	73
3762	753
3763	1552
3764	260
3765	441
3766	1181
3767	563
3768	213
3769	931
3770	290
3771	236
3772	329
3773	22
3774	294
3775	373
3776	94
3777	1335
3778	23
3779	21
3780	198
3781	1440
3782	168
3783	14
3784	365
3785	67
3786	456
3787	2923
3788	41
3789	782
3790	2443
3791	155
3792	2481
3793	2456
3794	2620
3795	112
3796	31
3797	1404
3798	1417
3799	1451
3800	1715
3801	1707
3802	1515
3803	50
3804	353
3805	238
3806	1678
3807	650
3808	99
3809	68
3810	1279
3811	11
3812	2252
3813	80
3814	1439
3815	893
3816	431
3817	111
3818	470
3819	778
3820	376
3821	1371
3822	2363
3823	112
3824	1668
3825	2624
3826	253
3827	865
3828	2150
3829	2434
3830	408
3831	2495
3832	635
3833	1348
3834	740
3835	79
3836	3023
3837	277
3838	116
3839	137
3840	203
3841	2442
3842	903
3843	14
3844	173
3845	490
3846	232
3847	91
3848	381
3849	102
3850	19
3851	2881
3852	646
3853	26
3854	1006
3855	128
3856	2339
3857	859
3858	469
3859	459
3860	22
3861	869
3862	326
3863	2307
3864	999
3865	482
3866	357
3867	563
3868	590
3869	246
3870	2331
3871	1746
3872	919
3873	2126
3874	3010
3875	1221
3876	1399
3877	290
3878	1014
3879	3147
3880	3073
3881	597
3882	1460
3883	281
3884	255
3885	937
3886	1243
3887	21
3888	308
3889	34
3890	84
3891	197
3892	300
3893	721
3894	866
3895	280
3896	377
3897	2481
3898	158
3899	1388
3900	1705
3901	2890
3902	1819
3903	190
3904	104
3905	5
3906	231
3907	126
3908	945
3909	1705
3910	3250
3911	392
3912	406
3913	851
3914	869
3915	1016
3916	499
3917	564
3918	2756
3919	2580
3920	9
3921	1417
3922	2535
3923	1366
3924	496
3925	45
3926	2443
3927	1371
3928	13
3929	297
3930	2837
3931	329
3932	2142
3933	1678
3934	2357
3935	222
3936	1913
3937	1164
3938	69
3939	177
3940	5
3941	1329
3942	926
3943	2175
3944	1224
3945	1264
3946	1433
3947	783
3948	654
3949	3
3950	2095
3951	120
3952	607
3953	78
3954	2840
3955	547
3956	1803
3957	1455
3958	218
3959	1399
3960	696
3961	716
3962	67
3963	1614
3964	187
3965	98
3966	252
3967	224
3968	138
3969	315
3970	837
3971	21
3972	259
3973	26
3974	18
3975	943
3976	1662
3977	283
3978	410
3979	0
3980	25
3981	821
3982	20
3983	620
3984	29
3985	1757
3986	365
3987	283
3988	265
3989	1705
3990	615
3991	49
3992	897
3993	1198
3994	782
3995	289
3996	320
3997	988
3998	1243
3999	118
4000	237
4001	123
4002	1601
4003	1683
4004	402
4005	59
4006	598
4007	2291
4008	1681
4009	195
4010	116
4011	694
4012	376
4013	698
4014	91
4015	2975
4016	759
4017	2039
4018	2133
4019	299
4020	1575
4021	1198
4022	1020
4023	920
4024	1559
4025	480
4026	1219
4027	7
4028	154
4029	2022
4030	423
4031	146
4032	2116
4033	1298
4034	14
4035	132
4036	107
4037	2336
4038	379
4039	1601
4040	2620
4041	615
4042	181
4043	3351
4044	1127
4045	1250
4046	913
4047	667
4048	871
4049	1956
4050	2090
4051	344
4052	493
4053	845
4054	258
4055	437
4056	2800
4057	1645
4058	1723
4059	2596
4060	60
4061	962
4062	332
4063	1234
4064	1460
4065	543
4066	859
4067	3134
4068	2873
4069	265
4070	1862
4071	2553
4072	656
4073	1264
4074	1222
4075	95
4076	502
4077	356
4078	124
4079	2044
4080	14
4081	614
4082	602
4083	698
4084	3278
4085	243
4086	98
4087	620
4088	53
4089	1025
4090	147
4091	349
4092	148
4093	2272
4094	146
4095	2927
4096	164
4097	176
4098	1431
4099	187
4100	667
4101	103
4102	790
4103	68
4104	1271
4105	78
4106	1023
4107	795
4108	470
4109	688
4110	96
4111	254
4112	413
4113	548
4114	514
4115	487
4116	1198
4117	3763
4118	221
4119	60
4120	1795
4121	2553
4122	14
4123	577
4124	398
4125	2048
4126	128
4127	1333
4128	1053
4129	768
4130	3064
4131	3960
4132	970
4133	3023
4134	714
4135	122
4136	313
4137	17
4138	838
4139	176
4140	2103
4141	41
4142	369
4143	84
4144	920
4145	2427
4146	2647
4147	1099
4148	402
4149	655
4150	923
4151	1665
4152	9
4153	434
4154	527
4155	131
4156	705
4157	2495
4158	474
4159	197
4160	1792
4161	1796
4162	469
4163	471
4164	2756
4165	1288
4166	27
4167	36
4168	1705
4169	1425
4170	251
4171	392
4172	1543
4173	1835
4174	94
4175	1017
4176	925
4177	1196
4178	1819
4179	356
4180	385
4181	805
4182	203
4183	190
4184	2126
4185	208
4186	1337
4187	686
4188	2643
4189	231
4190	673
4191	628
4192	116
4193	312
4194	413
4195	3181
4196	1034
4197	59
4198	779
4199	108
4200	418
4201	84
4202	23
4203	2849
4204	1314
4205	1758
4206	711
4207	22
4208	2477
4209	33
4210	577
4211	1032
4212	958
4213	810
4214	2605
4215	2272
4216	2582
4217	770
4218	681
4219	32
4220	266
4221	1850
4222	2383
4223	1615
4224	637
4225	410
4226	3355
4227	4041
4228	2965
4229	3726
4230	807
4231	2923
4232	1947
4233	209
4234	82
4235	1491
4236	735
4237	51
4238	62
4239	2924
4240	16
4241	1365
4242	603
4243	56
4244	2478
4245	3009
4246	83
4247	3
4248	893
4249	84
4250	17
4251	2229
4252	1062
4253	849
4254	2069
4255	2647
4256	1212
4257	1210
4258	1742
4259	487
4260	793
4261	855
4262	2361
4263	3081
4264	1377
4265	1728
4266	2500
4267	1457
4268	2434
4269	162
4270	1399
4271	907
4272	1318
4273	637
4274	1343
4275	433
4276	614
4277	204
4278	941
4279	74
4280	1219
4281	84
4282	830
4283	787
4284	329
4285	482
4286	627
4287	1858
4288	26
4289	2164
4290	1221
4291	1756
4292	275
4293	1241
4294	1106
4295	1720
4296	1425
4297	1138
4298	3
4299	1249
4300	472
4301	129
4302	825
4303	94
4304	535
4305	377
4306	3
4307	774
4308	1111
4309	137
4310	3921
4311	3209
4312	66
4313	126
4314	1003
4315	741
4316	938
4317	646
4318	44
4319	2972
4320	1192
4321	32
4322	2291
4323	2580
4324	471
4325	866
4326	490
4327	176
4328	870
4329	850
4330	511
4331	2662
4332	1153
4333	1170
4334	615
4335	1705
4336	236
4337	443
4338	2585
4339	1027
4340	1508
4341	849
4342	192
4343	449
4344	1614
4345	1027
4346	602
4347	751
4348	3018
4349	2262
4350	1462
4351	1182
4352	5
4353	116
4354	860
4355	233
4356	42
4357	2126
4358	3013
4359	1799
4360	38
4361	239
4362	176
4363	2128
4364	1606
4365	116
4366	148
4367	364
4368	1075
4369	848
4370	2967
4371	2345
4372	2284
4373	1962
4374	3415
4375	83
4376	73
4377	734
4378	3421
4379	551
4380	72
4381	1720
4382	3245
4383	304
4384	1155
4385	400
4386	2544
4387	450
4388	1114
4389	638
4390	2144
4391	1210
4392	463
4393	884
4394	980
4395	1615
4396	707
4397	1125
4398	44
4399	2
4400	53
4401	486
4402	463
4403	635
4404	2982
4405	171
4406	1287
4407	1019
4408	1187
4409	2473
4410	580
4411	2640
4412	1589
4413	400
4414	1098
4415	54
4416	2274
4417	273
4418	1521
4419	843
4420	1851
4421	1691
4422	264
4423	1075
4424	20
4425	1346
4426	13
4427	11
4428	1771
4429	611
4430	59
4431	2108
4432	357
4433	1362
4434	1332
4435	1371
4436	1293
4437	1507
4438	3921
4439	35
4440	76
4441	1468
4442	480
4443	142
4444	1
4445	1372
4446	1011
4447	3462
4448	560
4449	1859
4450	45
4451	913
4452	1240
4453	1559
4454	1040
4455	120
4456	543
4457	2489
4458	1593
4459	186
4460	375
4461	3625
4462	602
4463	209
4464	1298
4465	103
4466	1298
4467	34
4468	263
4469	81
4470	1029
4471	889
4472	478
4473	50
4474	38
4475	74
4476	619
4477	437
4478	506
4479	286
4480	765
4481	450
4482	270
4483	1305
4484	1373
4485	1320
4486	1758
4487	661
4488	84
4489	832
4490	3
4491	1241
4492	715
4493	2800
4494	1135
4495	2512
4496	110
4497	342
4498	2933
4499	506
4500	1683
4501	1362
4502	194
4503	19
4504	858
4505	1769
4506	1217
4507	1300
4508	402
4509	1206
4510	1363
4511	920
4512	206
4513	1830
4514	38
4515	2512
4516	2194
4517	1442
4518	2363
4519	2856
4520	1226
4521	1221
4522	73
4523	2890
4524	2762
4525	2855
4526	2065
4527	126
4528	193
4529	2855
4530	823
4531	3560
4532	609
4533	2837
4534	1262
4535	1413
4536	275
4537	2595
4538	2014
4539	1595
4540	287
4541	335
4542	1524
4543	2262
4544	164
4545	1665
4546	1591
4547	180
4548	104
4549	511
4550	1329
4551	279
4552	2313
4553	1298
4554	204
4555	87
4556	168
4557	2331
4558	2073
4559	768
4560	624
4561	35
4562	782
4563	232
4564	26
4565	293
4566	2467
4567	109
4568	1357
4569	2228
4570	2312
4571	1220
4572	1025
4573	2620
4574	2383
4575	523
4576	120
4577	3465
4578	55
4579	796
4580	888
4581	1799
4582	116
4583	29
4584	1
4585	1837
4586	1071
4587	2407
4588	753
4589	137
4590	1270
4591	1005
4592	71
4593	482
4594	1144
4595	1473
4596	95
4597	264
4598	3058
4599	1285
4600	2175
4601	95
4602	53
4603	276
4604	392
4605	764
4606	2912
4607	1021
4608	388
4609	1578
4610	1590
4611	823
4612	1317
4613	1262
4614	289
4615	4372
4616	110
4617	246
4618	395
4619	1492
4620	716
4621	47
4622	759
4623	1902
4624	1633
4625	2315
4626	278
4627	1328
4628	1914
4629	798
4630	480
4631	193
4632	3221
4633	234
4634	2165
4635	282
4636	1271
4637	339
4638	1298
4639	1243
4640	684
4641	1336
4642	900
4643	1309
4644	300
4645	241
4646	73
4647	127
4648	604
4649	810
4650	721
4651	194
4652	140
4653	71
4654	779
4655	49
4656	2241
4657	90
4658	278
4659	1624
4660	369
4661	50
4662	1485
4663	913
4664	292
4665	1221
4666	2073
4667	122
4668	2557
4669	2228
4670	593
4671	1109
4672	228
4673	988
4674	2081
4675	1020
4676	1907
4677	493
4678	1499
4679	570
4680	351
4681	420
4682	590
4683	2141
4684	1971
4685	79
4686	1320
4687	1470
4688	1363
4689	379
4690	386
4691	362
4692	2201
4693	13
4694	379
4695	276
4696	2629
4697	1123
4698	879
4699	2506
4700	39
4701	1705
4702	398
4703	401
4704	104
4705	1419
4706	2967
4707	1109
4708	101
4709	50
4710	759
4711	2054
4712	319
4713	180
4714	1892
4715	2278
4716	539
4717	252
4718	1715
4719	190
4720	2392
4721	116
4722	108
4723	107
4724	3079
4725	1248
4726	170
4727	6
4728	112
4729	397
4730	2616
4731	166
4732	1551
4733	861
4734	243
4735	1265
4736	493
4737	405
4738	2430
4739	1365
4740	691
4741	1723
4742	319
4743	110
4744	1555
4745	771
4746	116
4747	212
4748	299
4749	2060
4750	1731
4751	47
4752	1201
4753	232
4754	1830
4755	737
4756	413
4757	69
4758	150
4759	1573
4760	342
4761	128
4762	2278
4763	276
4764	3157
4765	1890
4766	1086
4767	626
4768	1381
4769	484
4770	602
4771	164
4772	2865
4773	2249
4774	2379
4775	213
4776	537
4777	537
4778	2510
4779	910
4780	2603
4781	1279
4782	759
4783	314
4784	2921
4785	233
4786	232
4787	888
4788	1832
4789	265
4790	1678
4791	324
4792	3463
4793	379
4794	413
4795	2063
4796	3100
4797	962
4798	180
4799	1385
4800	888
4801	13
4802	21
4803	2259
4804	650
4805	367
4806	694
4807	1519
4808	365
4809	2349
4810	753
4811	2971
4812	520
4813	190
4814	1326
4815	0
4816	104
4817	2706
4818	910
4819	146
4820	1031
4821	913
4822	1610
4823	172
4824	1561
4825	1492
4826	267
4827	3140
4828	723
4829	540
4830	1213
4831	1449
4832	1620
4833	4168
4834	962
4835	3549
4836	747
4837	38
4838	1859
4839	408
4840	2965
4841	271
4842	1075
4843	528
4844	36
4845	1726
4846	37
4847	193
4848	561
4849	42
4850	4085
4851	537
4852	377
4853	3470
4854	1739
4855	106
4856	26
4857	264
4858	19
4859	72
4860	1372
4861	1361
4862	1398
4863	136
4864	365
4865	320
4866	68
4867	397
4868	768
4869	635
4870	1335
4871	1219
4872	1141
4873	1212
4874	1013
4875	2894
4876	3101
4877	839
4878	440
4879	1036
4880	1053
4881	405
4882	200
4883	1521
4884	1040
4885	729
4886	846
4887	213
4888	2108
4889	509
4890	3278
4891	654
4892	251
4893	72
4894	68
4895	3259
4896	761
4897	2315
4898	289
4899	1377
4900	272
4901	3147
4902	437
4903	4168
4904	191
4905	1123
4906	802
4907	2123
4908	1142
4909	737
4910	782
4911	141
4912	304
4913	221
4914	2272
4915	148
4916	1451
4917	276
4918	268
4919	282
4920	3245
4921	3221
4922	96
4923	1204
4924	71
4925	1516
4926	519
4927	621
4928	48
4929	2761
4930	1372
4931	109
4932	1563
4933	208
4934	1037
4935	402
4936	184
4937	1892
4938	1374
4939	471
4940	2585
4941	1040
4942	1237
4943	110
4944	442
4945	1893
4946	3470
4947	67
4948	2210
4949	634
4950	778
4951	4603
4952	1017
4953	2066
4954	1861
4955	4353
4956	1192
4957	304
4958	85
4959	1559
4960	39
4961	328
4962	2004
4963	970
4964	654
4965	1288
4966	291
4967	1385
4968	1729
4969	1853
4970	923
4971	1571
4972	1269
4973	2428
4974	2685
4975	1830
4976	1261
4977	2919
4978	167
4979	18
4980	1515
4981	715
4982	1314
4983	1360
4984	945
4985	1421
4986	1366
4987	1054
4988	1
4989	1853
4990	4
4991	402
4992	2759
4993	1069
4994	1179
4995	59
4996	356
4997	980
4998	1681
4999	2315
5000	2385
5001	851
5002	326
5003	38
5004	779
5005	1157
5006	618
5007	2227
5008	1501
5009	1826
5010	546
5011	1139
5012	1293
5013	188
5014	871
5015	778
5016	99
5017	1394
5018	86
5019	204
5020	547
5021	1931
5022	651
5023	3027
5024	889
5025	3192
5026	287
5027	1888
5028	1998
5029	1943
5030	1380
5031	371
5032	1142
5033	658
5034	3100
5035	2612
5036	1288
5037	414
5038	2324
5039	1027
5040	813
5041	1939
5042	46
5043	1167
5044	2010
5045	1679
5046	74
5047	14
5048	252
5049	747
5050	4063
5051	1075
5052	2830
5053	204
5054	1861
5055	807
5056	2794
5057	1842
5058	2762
5059	17
5060	64
5061	32
5062	58
5063	1293
5064	55
5065	2494
5066	2764
5067	3053
5068	0
5069	1040
5070	3463
5071	1222
5072	392
5073	2610
5074	1177
5075	101
5076	1155
5077	22
5078	697
5079	1045
5080	2756
5081	1795
5082	604
5083	1701
5084	1921
5085	3409
5086	2345
5087	2067
5088	1075
5089	1319
5090	680
5091	1751
5092	782
5093	107
5094	1449
5095	1902
5096	851
5097	375
5098	2087
5099	976
5100	365
5101	692
5102	624
5103	310
5104	198
5105	1468
5106	443
5107	1162
5108	211
5109	782
5110	3172
5111	104
5112	1057
5113	78
5114	109
5115	584
5116	1815
5117	1020
5118	11
5119	244
5120	2752
5121	849
5122	1922
5123	55
5124	1290
5125	258
5126	3134
5127	519
5128	1793
5129	1
5130	4214
5131	407
5132	434
5133	1785
5134	1517
5135	2050
5136	4152
5137	2605
5138	321
5139	851
5140	742
5141	2278
5142	1521
5143	1440
5144	1317
5145	2288
5146	410
5147	56
5148	141
5149	627
5150	893
5151	2215
5152	1250
5153	3420
5154	1059
5155	1649
5156	878
5157	209
5158	2610
5159	2144
5160	1093
5161	1215
5162	2890
5163	1742
5164	139
5165	1766
5166	972
5167	102
5168	1297
5169	2985
5170	2837
5171	4172
5172	1264
5173	361
5174	1815
5175	177
5176	2301
5177	178
5178	1896
5179	446
5180	602
5181	2357
5182	1053
5183	1924
5184	323
5185	295
5186	1888
5187	209
5188	269
5189	472
5190	316
5191	617
5192	448
5193	4276
5194	1789
5195	624
5196	1254
5197	607
5198	1842
5199	585
5200	2786
5201	903
5202	956
5203	116
5204	232
5205	2180
5206	1079
5207	1438
5208	2158
5209	1442
5210	17
5211	2196
5212	1934
5213	401
5214	2814
5215	474
5216	1306
5217	3071
5218	3317
5219	774
5220	579
5221	2080
5222	196
5223	1003
5224	254
5225	78
5226	73
5227	1200
5228	304
5229	1040
5230	2146
5231	1343
5232	802
5233	2059
5234	594
5235	2442
5236	523
5237	2084
5238	1670
5239	1468
5240	2428
5241	715
5242	1999
5243	2065
5244	437
5245	69
5246	2194
5247	837
5248	572
5249	148
5250	1113
5251	1242
5252	297
5253	2917
5254	1668
5255	1267
5256	721
5257	1243
5258	1198
5259	2505
5260	1521
5261	517
5262	1429
5263	273
5264	2694
5265	24
5266	1036
5267	3713
5268	1257
5269	189
5270	2441
5271	499
5272	1058
5273	2704
5274	316
5275	2829
5276	1723
5277	1208
5278	779
5279	740
5280	593
5281	634
5282	66
5283	4071
5284	14
5285	59
5286	2355
5287	1298
5288	437
5289	2761
5290	16
5291	341
5292	850
5293	60
5294	288
5295	2506
5296	76
5297	4877
5298	2595
5299	2553
5300	3456
5301	3733
5302	580
5303	968
5304	54
5305	418
5306	680
5307	155
5308	158
5309	2836
5310	3503
5311	1446
5312	637
5313	2847
5314	1261
5315	54
5316	1303
5317	2254
5318	1786
5319	1756
5320	770
5321	204
5322	679
5323	697
5324	366
5325	3838
5326	2468
5327	138
5328	89
5329	738
5330	218
5331	635
5332	2228
5333	696
5334	2755
5335	849
5336	2363
5337	22
5338	499
5339	528
5340	3313
5341	834
5342	1027
5343	831
5344	63
5345	2179
5346	2237
5347	1439
5348	3617
5349	2411
5350	126
5351	491
5352	324
5353	511
5354	2328
5355	186
5356	360
5357	986
5358	1
5359	460
5360	1933
5361	2681
5362	3664
5363	1369
5364	1460
5365	1933
5366	2449
5367	4581
5368	4878
5369	316
5370	228
5371	848
5372	1035
5373	258
5374	1360
5375	2230
5376	398
5377	772
5378	570
5379	304
5380	494
5381	4812
5382	680
5383	1071
5384	1019
5385	2575
5386	156
5387	1524
5388	1795
5389	1517
5390	600
5391	546
5392	1853
5393	1182
5394	1775
5395	117
5396	4344
5397	2961
5398	72
5399	3038
5400	1274
5401	1720
5402	2773
5403	523
5404	3038
5405	666
5406	517
5407	1157
5408	981
5409	104
5410	2401
5411	2099
5412	17
5413	1155
5414	34
5415	2716
5416	549
5417	680
5418	966
5419	405
5420	1540
5421	1657
5422	2273
5423	1710
5424	2938
5425	218
5426	714
5427	223
5428	88
5429	68
5430	159
5431	845
5432	1579
5433	584
5434	191
5435	1288
5436	3079
5437	3415
5438	415
5439	811
5440	1260
5441	728
5442	1001
5443	4309
5444	1414
5445	1385
5446	311
5447	208
5448	75
5449	1348
5450	414
5451	2554
5452	166
5453	2066
5454	179
5455	2766
5456	1155
5457	798
5458	514
5459	750
5460	2011
5461	3260
5462	3018
5463	473
5464	1543
5465	27
5466	2685
5467	2864
5468	3738
5469	2706
5470	1821
5471	1566
5472	131
5473	2770
5474	2604
5475	1248
5476	2786
5477	1419
5478	875
5479	3302
5480	3361
5481	1369
5482	1082
5483	1470
5484	970
5485	328
5486	18
5487	1276
5488	807
5489	11
5490	2418
5491	1670
5492	62
5493	2021
5494	2116
5495	782
5496	292
5497	381
5498	847
5499	13
5500	1601
5501	1027
5502	1963
5503	1705
5504	622
5505	941
5506	1573
5507	998
5508	3
5509	1538
5510	3568
5511	819
5512	1701
5513	940
5514	1511
5515	227
5516	1364
5517	1356
5518	2295
5519	576
5520	3983
5521	63
5522	993
5523	1200
5524	787
5525	1134
5526	385
5527	1584
5528	4091
5529	18
5530	590
5531	2425
5532	3304
5533	1211
5534	916
5535	1912
5536	569
5537	673
5538	2198
5539	4276
5540	1401
5541	2418
5542	36
5543	43
5544	1363
5545	1729
5546	525
5547	54
5548	202
5549	239
5550	5
5551	434
5552	1488
5553	1072
5554	154
5555	491
5556	1158
5557	1591
5558	2595
5559	1684
5560	739
5561	3329
5562	50
5563	986
5564	659
5565	543
5566	129
5567	3160
5568	3079
5569	658
5570	3158
5571	3257
5572	2063
5573	3971
5574	141
5575	2067
5576	518
5577	2896
5578	1622
5579	3081
5580	1196
5581	159
5582	376
5583	1460
5584	4187
5585	50
5586	94
5587	1077
5588	1796
5589	1299
5590	311
5591	516
5592	2607
5593	161
5594	3232
5595	2495
5596	1846
5597	1766
5598	1300
5599	275
5600	1258
5601	1131
5602	4512
5603	313
5604	919
5605	369
5606	1051
5607	491
5608	4660
5609	1921
5610	198
5611	1519
5612	2923
5613	4990
5614	916
5615	741
5616	956
5617	1777
5618	657
5619	1749
5620	37
5621	387
5622	2604
5623	128
5624	4714
5625	2063
5626	2585
5627	1151
5628	1733
5629	767
5630	1042
5631	951
5632	4124
5633	4063
5634	562
5635	381
5636	2175
5637	1821
5638	536
5639	2131
5640	1713
5641	3043
5642	982
5643	581
5644	634
5645	952
5646	902
5647	2555
5648	550
5649	103
5650	837
5651	859
5652	1182
5653	280
5654	19
5655	142
5656	1018
5657	3341
5658	4230
5659	1114
5660	4142
5661	177
5662	3336
5663	410
5664	767
5665	1062
5666	78
5667	165
5668	22
5669	5275
5670	204
5671	1491
5672	273
5673	1179
5674	2118
5675	2859
5676	4096
5677	273
5678	1559
5679	14
5680	3134
5681	175
5682	35
5683	802
5684	900
5685	3159
5686	2967
5687	135
5688	22
5689	1586
5690	1141
5691	597
5692	4531
5693	3459
5694	2179
5695	1644
5696	4472
5697	326
5698	3610
5699	1464
5700	527
5701	1217
5702	1177
5703	290
5704	1398
5705	287
5706	3967
5707	320
5708	496
5709	2392
5710	746
5711	223
5712	473
5713	351
5714	1521
5715	2442
5716	2648
5717	52
5718	267
5719	501
5720	508
5721	789
5722	1464
5723	1858
5724	209
5725	94
5726	4512
5727	4039
5728	2076
5729	196
5730	1013
5731	1262
5732	3163
5733	1535
5734	1682
5735	41
5736	22
5737	1935
5738	1657
5739	2361
5740	1603
5741	438
5742	340
5743	774
5744	914
5745	315
5746	85
5747	877
5748	1988
5749	768
5750	1613
5751	1219
5752	269
5753	299
5754	728
5755	1255
5756	3361
5757	264
5758	656
5759	399
5760	1064
5761	1264
5762	1963
5763	3298
5764	1512
5765	5138
5766	2428
5767	1127
5768	83
5769	3128
5770	1740
5771	807
5772	3071
5773	61
5774	1442
5775	3671
5776	673
5777	3504
5778	1837
5779	380
5780	335
5781	2879
5782	2373
5783	646
5784	1290
5785	1003
5786	1511
5787	5309
5788	537
5789	2259
5790	2229
5791	768
5792	721
5793	37
5794	232
5795	137
5796	1073
5797	974
5798	1620
5799	2144
5800	36
5801	513
5802	379
5803	865
5804	2291
5805	1797
5806	2812
5807	1361
5808	1622
5809	1989
5810	2073
5811	236
5812	527
5813	505
5814	36
5815	62
5816	2115
5817	158
5818	1012
5819	2523
5820	337
5821	2120
5822	4156
5823	2336
5824	2276
5825	787
5826	2493
5827	1314
5828	1769
5829	356
5830	1455
5831	2570
5832	3182
5833	27
5834	291
5835	13
5836	5428
5837	786
5838	123
5839	2610
5840	209
5841	1155
5842	565
5843	1076
5844	782
5845	1631
5846	1662
5847	1086
5848	759
5849	99
5850	5413
5851	410
5852	1328
5853	1347
5854	1160
5855	2377
5856	126
5857	394
5858	1975
5859	26
5860	1364
5861	786
5862	2158
5863	1162
5864	2808
5865	731
5866	1210
5867	1501
5868	346
5869	4646
5870	538
5871	3256
5872	1314
5873	3666
5874	1550
5875	792
5876	925
5877	3155
5878	252
5879	2194
5880	333
5881	103
5882	520
5883	54
5884	125
5885	1932
5886	5
5887	627
5888	460
5889	779
5890	4936
5891	333
5892	19
5893	2580
5894	312
5895	2137
5896	1196
5897	3159
5898	329
5899	649
5900	1473
5901	2071
5902	1697
5903	1676
5904	35
5905	3641
5906	1453
5907	2207
5908	373
5909	2513
5910	2266
5911	3330
5912	2573
5913	574
5914	1165
5915	50
5916	2973
5917	13
5918	2855
5919	5907
5920	36
5921	508
5922	793
5923	2418
5924	108
5925	880
5926	618
5927	70
5928	420
5929	104
5930	208
5931	1136
5932	2752
5933	1256
5934	3967
5935	2547
5936	1053
5937	74
5938	58
5939	36
5940	351
5941	70
5942	1487
5943	2312
5944	1893
5945	2552
5946	1950
5947	934
5948	2629
5949	448
5950	1001
5951	2340
5952	1354
5953	128
5954	304
5955	2
5956	1831
5957	2330
5958	1298
5959	5272
5960	429
5961	1055
5962	2293
5963	2822
5964	821
5965	249
5966	2168
5967	3726
5968	5344
5969	2232
5970	126
5971	562
5972	1834
5973	2694
5974	460
5975	160
5976	432
5977	3163
5978	511
5979	1468
5980	1836
5981	1229
5982	2005
5983	2022
5984	2054
5985	287
5986	1769
5987	1162
5988	612
5989	298
5990	434
5991	449
5992	1285
5993	286
5994	1468
5995	0
5996	667
5997	1199
5998	507
5999	4472
6000	1499
6001	851
6002	564
6003	281
6004	667
6005	3783
6006	2272
6007	2016
6008	1439
6009	3554
6010	3313
6011	2259
6012	3437
6013	1815
6014	128
6015	2761
6016	14
6017	1214
6018	73
6019	385
6020	4796
6021	841
6022	349
6023	281
6024	14
6025	234
6026	2855
6027	666
6028	31
6029	624
6030	5429
6031	504
6032	1893
6033	1176
6034	4187
6035	1535
6036	917
6037	681
6038	379
6039	3278
6040	3287
6041	233
6042	940
6043	55
6044	1205
6045	834
6046	1332
6047	1535
6048	88
6049	807
6050	33
6051	1033
6052	456
6053	4309
6054	1762
6055	160
6056	208
6057	1728
6058	2399
6059	2502
6060	1005
6061	195
6062	110
6063	2972
6064	1099
6065	384
6066	914
6067	95
6068	742
6069	397
6070	2140
6071	793
6072	4531
6073	1660
6074	3459
6075	765
6076	1170
6077	2245
6078	1488
6079	1207
6080	2115
6081	1658
6082	1912
6083	3783
6084	2419
6085	616
6086	4883
6087	103
6088	1250
6089	232
6090	580
6091	2624
6092	1175
6093	1537
6094	1116
6095	1179
6096	3139
6097	55
6098	163
6099	1317
6100	211
6101	756
6102	241
6103	491
6104	3488
6105	402
6106	1916
6107	70
6108	3674
6109	59
6110	388
6111	2932
6112	127
6113	2065
6114	1196
6115	2775
6116	4392
6117	192
6118	24
6119	2643
6120	3831
6121	1850
6122	1135
6123	24
6124	1417
6125	1264
6126	2044
6127	3696
6128	38
6129	289
6130	750
6131	2989
6132	3591
6133	626
6134	2956
6135	896
6136	1470
6137	911
6138	710
6139	923
6140	1462
6141	4370
6142	3578
6143	188
6144	3031
6145	731
6146	4370
6147	3371
6148	4991
6149	256
6150	321
6151	279
6152	743
6153	2443
6154	440
6155	3546
6156	634
6157	3342
6158	1316
6159	584
6160	89
6161	3287
6162	95
6163	112
6164	595
6165	149
6166	471
6167	1896
6168	2022
6169	1715
6170	1214
6171	1041
6172	1222
6173	1049
6174	2773
6175	105
6176	1971
6177	2345
6178	1723
6179	162
6180	851
6181	1144
6182	5158
6183	302
6184	120
6185	742
6186	1770
6187	390
6188	110
6189	851
6190	3182
6191	584
6192	99
6193	154
6194	1606
6195	668
6196	2361
6197	1494
6198	263
6199	1853
6200	3960
6201	549
6202	486
6203	148
6204	730
6205	1305
6206	460
6207	1932
6208	4581
6209	2313
6210	72
6211	2967
6212	399
6213	2953
6214	503
6215	95
6216	1392
6217	177
6218	2715
6219	74
6220	686
6221	2519
6222	3556
6223	946
6224	3713
6225	2673
6226	3224
6227	1814
6228	1664
6229	1766
6230	131
6231	1125
6232	1418
6233	187
6234	298
6235	1658
6236	44
6237	5212
6238	1749
6239	1461
6240	2932
6241	2336
6242	84
6243	2588
6244	3101
6245	293
6246	1256
6247	1171
6248	158
6249	1158
6250	3145
6251	580
6252	1596
6253	1003
6254	3607
6255	1079
6256	46
6257	1613
6258	2990
6259	750
6260	3271
6261	1277
6262	1813
6263	248
6264	14
6265	1178
6266	1227
6267	2170
6268	1796
6269	984
6270	190
6271	659
6272	48
6273	4388
6274	1027
6275	416
6276	1830
6277	41
6278	445
6279	1715
6280	407
6281	444
6282	3449
6283	75
6284	417
6285	2291
6286	295
6287	1058
6288	4372
6289	126
6290	5562
6291	1620
6292	3376
6293	1145
6294	437
6295	580
6296	434
6297	1989
6298	1356
6299	2967
6300	118
6301	251
6302	2176
6303	405
6304	0
6305	4602
6306	1823
6307	862
6308	1017
6309	654
6310	2878
6311	557
6312	3196
6313	258
6314	711
6315	607
6316	2935
6317	4820
6318	80
6319	1134
6320	1002
6321	1111
6322	2132
6323	3153
6324	654
6325	871
6326	1858
6327	1962
6328	1897
6329	1670
6330	4614
6331	728
6332	200
6333	3616
6334	4235
6335	21
6336	1249
6337	4267
6338	4936
6339	2868
6340	2802
6341	398
6342	858
6343	1524
6344	4162
6345	1439
6346	75
6347	2084
6348	4619
6349	106
6350	4699
6351	597
6352	1276
6353	4829
6354	3218
6355	48
6356	561
6357	1431
6358	4344
6359	1398
6360	429
6361	1723
6362	1487
6363	3254
6364	825
6365	1280
6366	970
6367	275
6368	1735
6369	1090
6370	3459
6371	1524
6372	4026
6373	83
6374	525
6375	247
6376	2680
6377	149
6378	1512
6379	2418
6380	906
6381	35
6382	2505
6383	424
6384	727
6385	249
6386	837
6387	1130
6388	2640
6389	1798
6390	842
6391	2039
6392	957
6393	1974
6394	3073
6395	3734
6396	1830
6397	2054
6398	1258
6399	4602
6400	977
6401	1233
6402	6002
6403	1040
6404	564
6405	574
6406	4757
6407	3957
6408	655
6409	26
6410	67
6411	1606
6412	1021
6413	290
6414	1974
6415	670
6416	1629
6417	53
6418	4394
6419	360
6420	410
6421	276
6422	417
6423	783
6424	160
6425	1932
6426	2232
6427	601
6428	4096
6429	2737
6430	269
6431	719
6432	75
6433	584
6434	517
6435	735
6436	1465
6437	190
6438	182
6439	119
6440	2856
6441	1438
6442	273
6443	213
6444	2136
6445	7
6446	241
6447	137
6448	2571
6449	3099
6450	84
6451	1160
6452	255
6453	711
6454	329
6455	52
6456	1196
6457	463
6458	390
6459	405
6460	373
6461	4721
6462	255
6463	5102
6464	312
6465	2041
6466	620
6467	1064
6468	37
6469	1712
6470	169
6471	684
6472	2115
6473	286
6474	1849
6475	3725
6476	1935
6477	2912
6478	1638
6479	3754
6480	1812
6481	535
6482	1912
6483	2683
6484	1861
6485	2407
6486	312
6487	1892
6488	2080
6489	279
6490	953
6491	2809
6492	664
6493	1525
6494	1875
6495	3942
6496	2837
6497	3652
6498	5673
6499	3084
6500	732
6501	3246
6502	1686
6503	1861
6504	3057
6505	4227
6506	603
6507	1362
6508	1036
6509	329
6510	1454
6511	832
6512	1429
6513	2554
6514	1601
6515	218
6516	607
6517	466
6518	1424
6519	6
6520	1327
6521	499
6522	3066
6523	4931
6524	91
6525	32
6526	2373
6527	3021
6528	2334
6529	42
6530	366
6531	597
6532	72
6533	715
6534	2028
6535	168
6536	4941
6537	1830
6538	52
6539	757
6540	477
6541	2428
6542	856
6543	1651
6544	65
6545	140
6546	3549
6547	293
6548	72
6549	6067
6550	4222
6551	424
6552	1069
6553	2958
6554	1508
6555	2734
6556	1003
6557	30
6558	58
6559	2059
6560	2212
6561	1269
6562	761
6563	1301
6564	777
6565	5071
6566	299
6567	1927
6568	1341
6569	742
6570	4127
6571	398
6572	431
6573	64
6574	802
6575	2350
6576	198
6577	429
6578	1384
6579	104
6580	1924
6581	2588
6582	977
6583	943
6584	32
6585	5463
6586	3846
6587	837
6588	535
6589	54
6590	4509
6591	58
6592	1748
6593	1986
6594	598
6595	2967
6596	1248
6597	2306
6598	963
6599	2615
6600	1224
6601	1778
6602	2532
6603	1128
6604	1507
6605	448
6606	4695
6607	1038
6608	658
6609	830
6610	655
6611	318
6612	767
6613	520
6614	515
6615	3935
6616	84
6617	2143
6618	4735
6619	1013
6620	3698
6621	608
6622	2500
6623	49
6624	778
6625	1511
6626	103
6627	3666
6628	558
6629	658
6630	679
6631	926
6632	4039
6633	1876
6634	3942
6635	4377
6636	1227
6637	347
6638	1449
6639	388
6640	976
6641	722
6642	1792
6643	555
6644	2618
6645	1553
6646	2647
6647	4524
6648	1635
6649	3442
6650	2031
6651	101
6652	150
6653	1567
6654	960
6655	1042
6656	2755
6657	1015
6658	2076
6659	3127
6660	1320
6661	2750
6662	44
6663	577
6664	3145
6665	4515
6666	1752
6667	962
6668	1026
6669	1300
6670	832
6671	1210
6672	491
6673	132
6674	1663
6675	1337
6676	2154
6677	3329
6678	2445
6679	661
6680	182
6681	580
6682	4309
6683	14
6684	910
6685	2574
6686	1367
6687	635
6688	14
6689	1537
6690	5309
6691	273
6692	1786
6693	14
6694	316
6695	1128
6696	3467
6697	380
6698	3730
6699	373
6700	3103
6701	3542
6702	32
6703	1989
6704	5617
6705	1332
6706	423
6707	231
6708	3488
6709	945
6710	3506
6711	1057
6712	496
6713	1507
6714	956
6715	5745
6716	1861
6717	103
6718	750
6719	3719
6720	1011
6721	1
6722	641
6723	181
6724	1608
6725	2234
6726	456
6727	831
6728	2604
6729	108
6730	5212
6731	1715
6732	574
6733	3893
6734	4786
6735	1896
6736	1486
6737	764
6738	72
6739	2540
6740	628
6741	5130
6742	785
6743	1154
6744	757
6745	957
6746	607
6747	805
6748	190
6749	1916
6750	30
6751	347
6752	1524
6753	1351
6754	2673
6755	2218
6756	4897
6757	811
6758	1729
6759	915
6760	2196
6761	710
6762	3504
6763	149
6764	1510
6765	877
6766	3754
6767	1182
6768	988
6769	3003
6770	1449
6771	4245
6772	2879
6773	850
6774	1196
6775	1130
6776	1221
6777	3413
6778	3330
6779	3652
6780	5708
6781	1393
6782	295
6783	3445
6784	48
6785	52
6786	4299
6787	3331
6788	1070
6789	2298
6790	1512
6791	1362
6792	4748
6793	761
6794	1403
6795	2351
6796	285
6797	1362
6798	6531
6799	3106
6800	1005
6801	2013
6802	430
6803	124
6804	972
6805	2829
6806	397
6807	1058
6808	177
6809	2881
6810	319
6811	1963
6812	89
6813	4385
6814	1341
6815	2064
6816	2871
6817	3049
6818	149
6819	3568
6820	3334
6821	213
6822	121
6823	910
6824	1006
6825	71
6826	3697
6827	578
6828	2961
6829	5143
6830	2785
6831	2814
6832	514
6833	1190
6834	22
6835	266
6836	1313
6837	4145
6838	1441
6839	855
6840	314
6841	649
6842	2212
6843	1678
6844	5282
6845	324
6846	900
6847	2434
6848	1898
6849	6250
6850	1940
6851	558
6852	2836
6853	252
6854	4326
6855	673
6856	258
6857	3506
6858	1971
6859	2138
6860	2296
6861	1910
6862	2215
6863	1650
6864	2837
6865	3329
6866	1377
6867	1963
6868	397
6869	259
6870	1170
6871	861
6872	1750
6873	711
6874	1965
6875	1073
6876	54
6877	3013
6878	3214
6879	3160
6880	407
6881	4324
6882	3719
6883	110
6884	4757
6885	1715
6886	3264
6887	4614
6888	566
6889	871
6890	6797
6891	2523
6892	1221
6893	470
6894	5472
6895	3188
6896	344
6897	3717
6898	186
6899	332
6900	624
6901	2067
6902	1674
6903	397
6904	1694
6905	1167
6906	791
6907	2000
6908	3713
6909	5509
6910	1620
6911	629
6912	1
6913	264
6914	5874
6915	204
6916	1170
6917	1389
6918	4101
6919	3180
6920	459
6921	5125
6922	1027
6923	255
6924	2745
6925	35
6926	5404
6927	336
6928	2073
6929	709
6930	3078
6931	3278
6932	181
6933	375
6934	933
6935	1499
6936	3282
6937	1965
6938	1391
6939	1020
6940	1131
6941	1859
6942	2610
6943	2168
6944	2173
6945	834
6946	860
6947	389
6948	1111
6949	2324
6950	2669
6951	3259
6952	387
6953	395
6954	214
6955	1323
6956	2553
6957	2458
6958	104
6959	2612
6960	207
6961	480
6962	295
6963	4584
6964	326
6965	646
6966	1261
6967	33
6968	598
6969	662
6970	2059
6971	114
6972	276
6973	2627
6974	1677
6975	1062
6976	4356
6977	499
6978	1820
6979	93
6980	5665
6981	620
6982	498
6983	1423
6984	3191
6985	6152
6986	78
6987	4826
6988	778
6989	1326
6990	4786
6991	2918
6992	536
6993	1468
6994	148
6995	680
6996	63
6997	1288
6998	4733
6999	1153
7000	4892
7001	48
7002	0
7003	3646
7004	377
7005	30
7006	388
7007	1905
7008	2176
7009	387
7010	2592
7011	1023
7012	648
7013	1377
7014	1393
7015	1362
7016	5565
7017	2712
7018	18
7019	4053
7020	121
7021	62
7022	539
7023	2116
7024	3384
7025	1684
7026	1910
7027	1501
7028	184
7029	146
7030	1234
7031	1298
7032	1090
7033	1178
7034	474
7035	460
7036	180
7037	3766
7038	3284
7039	2759
7040	4206
7041	239
7042	829
7043	1169
7044	4630
7045	1814
7046	2041
7047	209
7048	5215
7049	175
7050	929
7051	3654
7052	3127
7053	2814
7054	1645
7055	4445
7056	3224
7057	1135
7058	233
7059	647
7060	4435
7061	1760
7062	222
7063	2059
7064	24
7065	1256
7066	2544
7067	1798
7068	4207
7069	149
7070	2142
7071	2373
7072	252
7073	1421
7074	31
7075	4619
7076	4302
7077	1488
7078	519
7079	2059
7080	621
7081	731
7082	4218
7083	2588
7084	783
7085	6152
7086	79
7087	60
7088	123
7089	3278
7090	1298
7091	2363
7092	168
7093	5711
7094	1566
7095	422
7096	5275
7097	541
7098	453
7099	442
7100	1859
7101	3186
7102	1427
7103	76
7104	2779
7105	589
7106	1222
7107	91
7108	2054
7109	104
7110	62
7111	6226
7112	2435
7113	214
7114	882
7115	405
7116	775
7117	1323
7118	623
7119	2646
7120	5530
7121	3807
7122	904
7123	883
7124	420
7125	3234
7126	2943
7127	1957
7128	1858
7129	2734
7130	1374
7131	4398
7132	1612
7133	856
7134	415
7135	875
7136	482
7137	152
7138	1968
7139	3246
7140	3674
7141	395
7142	230
7143	1191
7144	4919
7145	3401
7146	774
7147	2588
7148	80
7149	1620
7150	1091
7151	3270
7152	4500
7153	402
7154	1392
7155	460
7156	1094
7157	1162
7158	1586
7159	385
7160	2969
7161	1135
7162	1065
7163	1049
7164	49
7165	5708
7166	3783
7167	696
7168	410
7169	852
7170	787
7171	3020
7172	1645
7173	207
7174	2903
7175	81
7176	2713
7177	5663
7178	1640
7179	2581
7180	6
7181	442
7182	821
7183	442
7184	4735
7185	1185
7186	72
7187	199
7188	2218
7189	1735
7190	349
7191	1859
7192	4722
7193	672
7194	2286
7195	4829
7196	1277
7197	451
7198	3232
7199	445
7200	3578
7201	99
7202	2022
7203	615
7204	5266
7205	1343
7206	324
7207	59
7208	379
7209	1558
7210	4018
7211	2324
7212	1739
7213	1947
7214	2227
7215	6366
7216	2926
7217	28
7218	2407
7219	2738
7220	1527
7221	3049
7222	1367
7223	1786
7224	3227
7225	1035
7226	137
7227	3824
7228	1178
7229	4218
7230	4053
7231	4207
7232	3779
7233	14
7234	27
7235	1262
7236	783
7237	193
7238	4721
7239	2140
7240	2383
7241	1009
7242	163
7243	833
7244	1114
7245	4431
7246	1970
7247	39
7248	1593
7249	1661
7250	4243
7251	147
7252	226
7253	3458
7254	517
7255	3266
7256	50
7257	1674
7258	3076
7259	2398
7260	1062
7261	414
7262	1255
7263	4807
7264	2752
7265	953
7266	643
7267	1309
7268	5171
7269	33
7270	3977
7271	3018
7272	1859
7273	894
7274	69
7275	380
7276	268
7277	5948
7278	3587
7279	177
7280	2982
7281	1612
7282	306
7283	302
7284	1179
7285	4720
7286	668
7287	970
7288	599
7289	2585
7290	2567
7291	1842
7292	1082
7293	913
7294	1715
7295	2573
7296	1454
7297	236
7298	1391
7299	463
7300	293
7301	469
7302	407
7303	1850
7304	473
7305	4121
7306	1751
7307	712
7308	3182
7309	5963
7310	32
7311	46
7312	1921
7313	480
7314	1752
7315	673
7316	265
7317	1004
7318	1687
7319	1048
7320	471
7321	1340
7322	1968
7323	26
7324	569
7325	101
7326	127
7327	194
7328	390
7329	4597
7330	29
7331	696
7332	686
7333	1287
7334	1473
7335	2475
7336	2073
7337	3212
7338	182
7339	731
7340	1670
7341	2249
7342	1335
7343	3635
7344	1726
7345	456
7346	2034
7347	1357
7348	1398
7349	672
7350	1146
7351	5879
7352	681
7353	934
7354	4986
7355	2764
7356	827
7357	871
7358	960
7359	2461
7360	4465
7361	686
7362	740
7363	1260
7364	1079
7365	1234
7366	1517
7367	1293
7368	1414
7369	1427
7370	714
7371	1121
7372	1419
7373	871
7374	557
7375	3726
7376	894
7377	3556
7378	1261
7379	3233
7380	243
7381	705
7382	211
7383	379
7384	2270
7385	245
7386	139
7387	557
7388	596
7389	3623
7390	4646
7391	2751
7392	710
7393	1937
7394	1596
7395	1453
7396	3775
7397	708
7398	349
7399	37
7400	1742
7401	1252
7402	880
7403	1006
7404	4178
7405	147
7406	1290
7407	3115
7408	1770
7409	263
7410	4372
7411	1583
7412	1538
7413	181
7414	1829
7415	5952
7416	2933
7417	1489
7418	60
7419	1905
7420	1649
7421	368
7422	3101
7423	1342
7424	4032
7425	81
7426	175
7427	1744
7428	140
7429	4880
7430	139
7431	401
7432	77
7433	2307
7434	1541
7435	2196
7436	1451
7437	2179
7438	795
7439	5534
7440	5962
7441	3314
7442	1364
7443	1363
7444	5404
7445	5808
7446	515
7447	3624
7448	821
7449	3635
7450	569
7451	22
7452	0
7453	851
7454	1106
7455	1154
7456	4276
7457	3287
7458	483
7459	4596
7460	922
7461	3261
7462	578
7463	3923
7464	1264
7465	3833
7466	1723
7467	1473
7468	208
7469	651
7470	2113
7471	1366
7472	54
7473	86
7474	379
7475	1073
7476	749
7477	1989
7478	1244
7479	3796
7480	122
7481	19
7482	3322
7483	3495
7484	5962
7485	2031
7486	2207
7487	2315
7488	3289
7489	4178
7490	865
7491	2795
7492	1030
7493	1705
7494	2493
7495	759
7496	2830
7497	268
7498	5002
7499	346
7500	816
7501	182
7502	5183
7503	2212
7504	5687
7505	342
7506	1517
7507	515
7508	2244
7509	102
7510	1390
7511	1385
7512	1316
7513	118
7514	1916
7515	2237
7516	1644
7517	4297
7518	959
7519	4875
7520	4833
7521	1327
7522	5134
7523	550
7524	1255
7525	637
7526	993
7527	926
7528	411
7529	850
7530	2290
7531	2588
7532	4634
7533	1213
7534	5231
7535	1513
7536	329
7537	5206
7538	134
7539	1614
7540	598
7541	79
7542	2142
7543	2081
7544	4150
7545	1455
7546	1390
7547	102
7548	1179
7549	730
7550	3134
7551	979
7552	4356
7553	3966
7554	1849
7555	594
7556	22
7557	2863
7558	2192
7559	2807
7560	457
7561	816
7562	862
7563	50
7564	963
7565	1726
7566	1062
7567	2188
7568	2328
7569	289
7570	4919
7571	752
7572	344
7573	740
7574	2257
7575	95
7576	165
7577	5514
7578	740
7579	110
7580	865
7581	1850
7582	2290
7583	721
7584	100
7585	843
7586	2884
7587	1114
7588	879
7589	1641
7590	6104
7591	2452
7592	2102
7593	324
7594	59
7595	3835
7596	4355
7597	5706
7598	631
7599	1339
7600	59
7601	106
7602	4748
7603	1298
7604	795
7605	6874
7606	266
7607	2904
7608	1474
7609	1552
7610	496
7611	1168
7612	3641
7613	118
7614	1685
7615	5571
7616	1107
7617	5514
7618	129
7619	5744
7620	2442
7621	2906
7622	646
7623	127
7624	3093
7625	623
7626	1460
7627	2444
7628	2127
7629	499
7630	6024
7631	3194
7632	879
7633	482
7634	2317
7635	3228
7636	1317
7637	268
7638	54
7639	11
7640	258
7641	3625
7642	934
7643	681
7644	1339
7645	2345
7646	2894
7647	1135
7648	3164
7649	4227
7650	4986
7651	4786
7652	1770
7653	436
7654	835
7655	774
7656	1906
7657	136
7658	5530
7659	1581
7660	1384
7661	614
7662	2967
7663	273
7664	338
7665	1506
7666	397
7667	41
7668	5278
7669	132
7670	1151
7671	786
7672	1508
7673	1471
7674	154
7675	442
7676	62
7677	2763
7678	3286
7679	117
7680	3834
7681	4690
7682	1551
7683	2102
7684	3376
7685	204
7686	68
7687	1645
7688	460
7689	1040
7690	2586
7691	38
7692	5365
7693	1082
7694	2946
7695	1981
7696	3750
7697	2493
7698	74
7699	355
7700	1513
7701	3460
7702	1508
7703	4990
7704	92
7705	1633
7706	2935
7707	1298
7708	3951
7709	5192
7710	2618
7711	1168
7712	407
7713	103
7714	1219
7715	984
7716	2434
7717	1513
7718	4279
7719	2095
7720	4614
7721	875
7722	2345
7723	2334
7724	165
7725	686
7726	896
7727	404
7728	203
7729	1056
7730	4895
7731	1394
7732	580
7733	2291
7734	49
7735	3
7736	374
7737	589
7738	2090
7739	1229
7740	2199
7741	1310
7742	3225
7743	2154
7744	3006
7745	541
7746	2563
7747	1556
7748	821
7749	4279
7750	2616
7751	4531
7752	574
7753	364
7754	915
7755	936
7756	5055
7757	1986
7758	52
7759	1288
7760	3029
7761	373
7762	3891
7763	716
7764	2429
7765	157
7766	4875
7767	218
7768	457
7769	2554
7770	491
7771	6238
7772	3313
7773	5172
7774	198
7775	2440
7776	1325
7777	2031
7778	2664
7779	2506
7780	3349
7781	1449
7782	776
7783	4833
7784	34
7785	415
7786	7
7787	1073
7788	2701
7789	2494
7790	273
7791	1053
7792	1439
7793	1255
7794	4370
7795	29
7796	2512
7797	1210
7798	137
7799	1221
7800	1660
7801	1519
7802	1452
7803	2534
7804	3056
7805	6210
7806	1649
7807	620
7808	48
7809	2844
7810	266
7811	6014
7812	1775
7813	3496
7814	791
7815	68
7816	3192
7817	3974
7818	6531
7819	749
7820	1614
7821	6261
7822	1392
7823	3018
7824	2467
7825	4619
7826	2052
7827	1249
7828	1071
7829	3093
7830	690
7831	296
7832	288
7833	4207
7834	550
7835	196
7836	6238
7837	1327
7838	316
7839	1855
7840	467
7841	219
7842	902
7843	1752
7844	6581
7845	900
7846	4496
7847	7200
7848	208
7849	1221
7850	3083
7851	1205
7852	186
7853	22
7854	2849
7855	3486
7856	3175
7857	1395
7858	418
7859	6123
7860	440
7861	5855
7862	1380
7863	1633
7864	4004
7865	3336
7866	101
7867	13
7868	3778
7869	1233
7870	4767
7871	234
7872	2607
7873	1528
7874	2321
7875	667
7876	4308
7877	1591
7878	5075
7879	7587
7880	52
7881	1215
7882	50
7883	2755
7884	4127
7885	618
7886	5278
7887	1
7888	4388
7889	120
7890	3896
7891	4221
7892	219
7893	1895
7894	4124
7895	149
7896	4294
7897	2132
7898	5271
7899	636
7900	786
7901	4566
7902	4187
7903	3921
7904	1529
7905	18
7906	3221
7907	879
7908	2059
7909	4664
7910	3129
7911	1914
7912	725
7913	722
7914	1055
7915	164
7916	36
7917	2970
7918	4824
7919	3241
7920	1537
7921	2357
7922	4919
7923	855
7924	200
7925	5114
7926	3607
7927	457
7928	407
7929	2878
7930	3678
7931	750
7932	3169
7933	241
7934	1090
7935	3803
7936	46
7937	1875
7938	346
7939	3779
7940	4121
7941	209
7942	6532
7943	5188
7944	772
7945	688
7946	3405
7947	79
7948	6603
7949	637
7950	1305
7951	2030
7952	1183
7953	1617
7954	2965
7955	3094
7956	714
7957	370
7958	594
7959	3289
7960	3657
7961	2345
7962	5075
7963	142
7964	1071
7965	24
7966	312
7967	889
7968	2562
7969	44
7970	1294
7971	1206
7972	5039
7973	4120
7974	922
7975	182
7976	245
7977	4051
7978	2280
7979	2020
7980	1386
7981	888
7982	5182
7983	871
7984	5571
7985	300
7986	62
7987	747
7988	984
7989	6381
7990	4661
7991	22
7992	264
7993	3010
7994	3778
7995	687
7996	1071
7997	3155
7998	506
7999	38
8000	391
8001	266
8002	2525
8003	429
8004	1049
8005	1309
8006	95
8007	5711
8008	25
8009	2827
8010	3658
8011	1663
8012	2814
8013	5039
8014	58
8015	26
8016	10
8017	1806
8018	3282
8019	322
8020	1389
8021	1861
8022	369
8023	733
8024	1007
8025	4411
8026	975
8027	28
8028	409
8029	3606
8030	4684
8031	506
8032	1322
8033	369
8034	1970
8035	5083
8036	5071
8037	0
8038	1591
8039	280
8040	4308
8041	5005
8042	2711
8043	5808
8044	81
8045	1254
8046	1535
8047	4321
8048	3835
8049	1554
8050	355
8051	1182
8052	329
8053	1823
8054	1553
8055	2
8056	37
8057	2058
8058	3888
8059	4016
8060	2225
8061	328
8062	1729
8063	338
8064	6048
8065	1226
8066	1025
8067	144
8068	397
8069	664
8070	207
8071	1085
8072	1893
8073	353
8074	2788
8075	3857
8076	2554
8077	3472
8078	4796
8079	2810
8080	2018
8081	3736
8082	1493
8083	3099
8084	2603
8085	1311
8086	418
8087	2357
8088	1749
8089	152
8090	1138
8091	54
8092	2708
8093	817
8094	2130
8095	4196
8096	307
8097	110
8098	548
8099	4003
8100	286
8101	1550
8102	356
8103	5092
8104	452
8105	123
8106	388
8107	5320
8108	1494
8109	4895
8110	5267
8111	295
8112	5872
8113	27
8114	6436
8115	1540
8116	2791
8117	26
8118	4777
8119	554
8120	3893
8121	3305
8122	5708
8123	4692
8124	7479
8125	2856
8126	6609
8127	18
8128	1465
8129	66
8130	1067
8131	1698
8132	1615
8133	29
8134	691
8135	2120
8136	360
8137	5036
8138	3445
8139	4362
8140	31
8141	2061
8142	1229
8143	3205
8144	184
8145	857
8146	231
8147	4817
8148	3817
8149	2660
8150	1362
8151	1553
8152	606
8153	1921
8154	3776
8155	2539
8156	486
8157	1482
8158	187
8159	1499
8160	33
8161	1126
8162	2013
8163	254
8164	4317
8165	988
8166	1487
8167	6936
8168	2977
8169	5046
8170	2864
8171	4631
8172	101
8173	4986
8174	1657
8175	7086
8176	473
8177	2980
8178	1766
8179	774
8180	4888
8181	388
8182	1320
8183	1799
8184	51
8185	1267
8186	595
8187	402
8188	94
8189	2059
8190	750
8191	208
8192	1988
8193	535
8194	6644
8195	71
8196	536
8197	107
8198	1020
8199	1031
8200	6283
8201	277
8202	1003
8203	2932
8204	505
8205	2646
8206	731
8207	1196
8208	411
8209	3211
8210	1127
8211	505
8212	4026
8213	2142
8214	2752
8215	838
8216	2999
8217	116
8218	491
8219	318
8220	186
8221	2059
8222	117
8223	1617
8224	802
8225	1862
8226	68
8227	4383
8228	155
8229	1373
8230	920
8231	1766
8232	5944
8233	3492
8234	74
8235	2557
8236	2145
8237	230
8238	29
8239	1294
8240	29
8241	4748
8242	213
8243	1823
8244	344
8245	2521
8246	318
8247	481
8248	980
8249	1021
8250	838
8251	2545
8252	3820
8253	2646
8254	4445
8255	289
8256	3731
8257	4078
8258	6691
8259	326
8260	5143
8261	1003
8262	356
8263	3671
8264	2340
8265	3466
8266	479
8267	7479
8268	312
8269	2532
8270	3727
8271	1537
8272	1337
8273	3054
8274	3016
8275	963
8276	1332
8277	1723
8278	3070
8279	937
8280	5127
8281	1537
8282	5203
8283	437
8284	147
8285	195
8286	1584
8287	1488
8288	204
8289	2073
8290	964
8291	103
8292	277
8293	1146
8294	1873
8295	4018
8296	857
8297	83
8298	1303
8299	629
8300	822
8301	1071
8302	3046
8303	5821
8304	5638
8305	3133
8306	1020
8307	4918
8308	6516
8309	3066
8310	4002
8311	1003
8312	204
8313	1454
8314	5813
8315	2935
8316	803
8317	1273
8318	3175
8319	539
8320	681
8321	976
8322	2647
8323	381
8324	1035
8325	138
8326	6605
8327	2685
8328	5514
8329	5309
8330	4520
8331	6121
8332	1497
8333	1614
8334	62
8335	5146
8336	389
8337	544
8338	545
8339	194
8340	2710
8341	2418
8342	4179
8343	1035
8344	2802
8345	3879
8346	218
8347	695
8348	2141
8349	6048
8350	590
8351	4279
8352	1323
8353	2081
8354	2076
8355	2909
8356	3960
8357	282
8358	56
8359	1473
8360	1973
8361	3145
8362	1492
8363	1513
8364	564
8365	1493
8366	1912
8367	1190
8368	406
8369	375
8370	538
8371	614
8372	988
8373	3406
8374	6436
8375	529
8376	3289
8377	3234
8378	1072
8379	881
8380	1081
8381	767
8382	1201
8383	1203
8384	4891
8385	401
8386	1550
8387	453
8388	306
8389	223
8390	2922
8391	78
8392	2027
8393	1273
8394	1357
8395	1476
8396	2386
8397	7311
8398	166
8399	143
8400	1177
8401	5044
8402	994
8403	816
8404	105
8405	3811
8406	4825
8407	3155
8408	379
8409	32
8410	578
8411	3
8412	252
8413	4248
8414	3084
8415	479
8416	910
8417	580
8418	276
8419	1090
8420	2800
8421	3668
8422	1449
8423	1350
8424	4748
8425	3323
8426	307
8427	280
8428	8134
8429	521
8430	3334
8431	1163
8432	7801
8433	3098
8434	5138
8435	6136
8436	3284
8437	3334
8438	2489
8439	89
8440	4218
8441	1085
8442	6898
8443	2096
8444	411
8445	3178
8446	5514
8447	910
8448	730
8449	600
8450	4353
8451	938
8452	161
8453	3113
8454	281
8455	446
8456	489
8457	6732
8458	3597
8459	1661
8460	3096
8461	168
8462	1553
8463	2154
8464	3644
8465	126
8466	2643
8467	915
8468	5855
8469	957
8470	1198
8471	2351
8472	518
8473	27
8474	551
8475	285
8476	276
8477	896
8478	1754
8479	173
8480	21
8481	683
8482	4270
8483	192
8484	2577
8485	6863
8486	1362
8487	3801
8488	351
8489	128
8490	3291
8491	238
8492	334
8493	2557
8494	5915
8495	4932
8496	165
8497	6238
8498	3980
8499	615
8500	6449
8501	1006
8502	1858
8503	1139
8504	662
8505	600
8506	6219
8507	6152
8508	6721
8509	565
8510	126
8511	3276
8512	4001
8513	66
8514	2002
8515	1821
8516	2441
8517	27
8518	3031
8519	545
8520	2383
8521	404
8522	799
8523	1101
8524	2189
8525	131
8526	2059
8527	6531
8528	444
8529	335
8530	1017
8531	1377
8532	680
8533	483
8534	2234
8535	674
8536	1852
8537	2553
8538	1859
8539	2237
8540	597
8541	1449
8542	103
8543	4206
8544	1674
8545	6197
8546	7833
8547	4647
8548	1493
8549	280
8550	362
8551	494
8552	407
8553	2855
8554	1861
8555	2812
8556	58
8557	1450
8558	2232
8559	523
8560	2307
8561	5777
8562	1957
8563	6278
8564	3027
8565	6376
8566	2141
8567	2588
8568	2730
8569	3820
8570	1954
8571	3336
8572	3693
8573	4893
8574	770
8575	1409
8576	275
8577	41
8578	1413
8579	6271
8580	1797
8581	6231
8582	1923
8583	765
8584	1927
8585	5347
8586	3175
8587	373
8588	6356
8589	299
8590	3009
8591	26
8592	272
8593	2977
8594	7000
8595	3746
8596	6158
8597	4595
8598	1233
8599	602
8600	4336
8601	1403
8602	802
8603	239
8604	1081
8605	915
8606	11
8607	141
8608	565
8609	779
8610	307
8611	4309
8612	1806
8613	514
8614	7331
8615	3029
8616	335
8617	138
8618	293
8619	900
8620	19
8621	105
8622	956
8623	4817
8624	279
8625	4631
8626	4347
8627	1482
8628	827
8629	615
8630	137
8631	1215
8632	694
8633	1784
8634	116
8635	5843
8636	9
8637	4235
8638	1830
8639	2084
8640	3155
8641	916
8642	3730
8643	90
8644	1351
8645	3597
8646	334
8647	391
8648	6960
8649	649
8650	2054
8651	541
8652	1317
8653	191
8654	2950
8655	3597
8656	6178
8657	334
8658	247
8659	937
8660	2809
8661	4249
8662	311
8663	2802
8664	234
8665	1234
8666	976
8667	5132
8668	414
8669	679
8670	2306
8671	398
8672	849
8673	2583
8674	397
8675	515
8676	254
8677	6455
8678	351
8679	661
8680	213
8681	1586
8682	5853
8683	3227
8684	952
8685	401
8686	2755
8687	57
8688	1204
8689	1398
8690	3486
8691	4317
8692	180
8693	1133
8694	459
8695	130
8696	290
8697	1119
8698	337
8699	3561
8700	3498
8701	231
8702	7487
8703	6723
8704	2427
8705	1114
8706	6150
8707	1285
8708	3766
8709	349
8710	484
8711	515
8712	1557
8713	2199
8714	2534
8715	3944
8716	6378
8717	2334
8718	1584
8719	7338
8720	501
8721	2387
8722	72
8723	1815
8724	5956
8725	523
8726	2539
8727	101
8728	221
8729	896
8730	1071
8731	2510
8732	4545
8733	360
8734	669
8735	2242
8736	1798
8737	3951
8738	529
8739	3105
8740	3697
8741	1452
8742	129
8743	1602
8744	77
8745	1075
8746	3155
8747	4962
8748	180
8749	4931
8750	6346
8751	6874
8752	3234
8753	723
8754	394
8755	381
8756	62
8757	1167
8758	4661
8759	830
8760	1359
8761	2667
8762	54
8763	6158
8764	3152
8765	116
8766	2849
8767	7135
8768	5530
8769	2306
8770	3635
8771	1468
8772	140
8773	234
8774	358
8775	1861
8776	308
8777	1211
8778	4957
8779	861
8780	1448
8781	4661
8782	830
8783	7478
8784	2373
8785	2990
8786	1956
8787	3875
8788	976
8789	1626
8790	298
8791	5118
8792	1064
8793	1926
8794	5687
8795	5014
8796	316
8797	3114
8798	405
8799	937
8800	1119
8801	1119
8802	6783
8803	1220
8804	265
8805	972
8806	1070
8807	2313
8808	269
8809	2337
8810	2643
8811	697
8812	344
8813	2943
8814	6106
8815	1055
8816	1380
8817	118
8818	137
8819	1316
8820	254
8821	827
8822	5977
8823	1601
8824	1916
8825	3717
8826	5309
8827	51
8828	3676
8829	477
8830	4003
8831	637
8832	5711
8833	1720
8834	118
8835	2668
8836	1451
8837	330
8838	195
8839	782
8840	847
8841	8117
8842	877
8843	871
8844	253
8845	7965
8846	1070
8847	1916
8848	1848
8849	3133
8850	859
8851	2232
8852	3679
8853	1956
8854	35
8855	409
8856	1660
8857	22
8858	2473
8859	1103
8860	49
8861	2878
8862	1508
8863	1821
8864	1159
8865	710
8866	3556
8867	418
8868	2123
8869	6378
8870	5514
8871	418
8872	1498
8873	5931
8874	2127
8875	2228
8876	3610
8877	1155
8878	975
8879	904
8880	563
8881	62
8882	2179
8883	1054
8884	1287
8885	29
8886	135
8887	5143
8888	270
8889	146
8890	518
8891	1994
8892	2192
8893	316
8894	77
8895	681
8896	2541
8897	3029
8898	277
8899	913
8900	3116
8901	711
8902	1109
8903	709
8904	1427
8905	78
8906	1657
8907	337
8908	5574
8909	1682
8910	423
8911	6238
8912	2452
8913	1665
8914	1815
8915	2063
8916	7426
8917	293
8918	148
8919	138
8920	5400
8921	607
8922	1890
8923	7146
8924	2553
8925	13
8926	580
8927	1139
8928	446
8929	1651
8930	1205
8931	521
8932	3859
8933	137
8934	5494
8935	0
8936	5783
8937	1572
8938	1171
8939	2618
8940	1196
8941	1850
8942	1922
8943	782
8944	231
8945	7653
8946	5732
8947	329
8948	1716
8949	6936
8950	35
8951	3895
8952	5675
8953	1001
8954	2856
8955	1830
8956	5530
8957	3791
8958	989
8959	1395
8960	6328
8961	881
8962	1854
8963	7297
8964	1939
8965	2259
8966	151
8967	2930
8968	864
8969	3330
8970	561
8971	3003
8972	1519
8973	5164
8974	1201
8975	3376
8976	362
8977	2503
8978	1014
8979	2942
8980	4098
8981	346
8982	747
8983	1758
8984	4308
8985	650
8986	4238
8987	2141
8988	253
8989	3057
8990	1199
8991	1729
8992	4126
8993	1262
8994	6346
8995	1803
8996	4187
8997	822
8998	756
8999	3800
9000	4087
9001	1111
9002	7156
9003	507
9004	1178
9005	2894
9006	4697
9007	5750
9008	2218
9009	7867
9010	3488
9011	3579
9012	123
9013	1294
9014	324
9015	99
9016	5313
9017	1491
9018	3083
9019	2661
9020	663
9021	243
9022	651
9023	1816
9024	2361
9025	1298
9026	2288
9027	1154
9028	2032
9029	7427
9030	1045
9031	217
9032	3851
9033	5414
9034	1210
9035	4514
9036	247
9037	5404
9038	2141
9039	2509
9040	3526
9041	1593
9042	4922
9043	2575
9044	1455
9045	708
9046	5187
9047	574
9048	4121
9049	900
9050	7638
9051	1248
9052	1591
9053	852
9054	1465
9055	1398
9056	4995
9057	1917
9058	2942
9059	1701
9060	253
9061	2557
9062	1556
9063	3261
9064	776
9065	1756
9066	4977
9067	1729
9068	284
9069	4457
9070	1453
9071	8374
9072	2095
9073	25
9074	2444
9075	1575
9076	137
9077	29
9078	795
9079	486
9080	3341
9081	4156
9082	2337
9083	239
9084	6145
9085	3690
9086	3336
9087	411
9088	2129
9089	5136
9090	276
9091	381
9092	1724
9093	291
9094	1796
9095	5046
9096	5528
9097	4041
9098	1588
9099	430
9100	3466
9101	1578
9102	356
9103	1972
9104	316
9105	7789
9106	2477
9107	2680
9108	3983
9109	1507
9110	4351
9111	514
9112	5086
9113	874
9114	307
9115	2864
9116	1034
9117	1107
9118	1676
9119	1099
9120	1264
9121	716
9122	547
9123	3779
9124	6493
9125	1136
9126	4129
9127	5136
9128	2351
9129	7653
9130	1467
9131	1045
9132	2640
9133	2648
9134	888
9135	2553
9136	7261
9137	1160
9138	448
9139	3656
9140	2977
9141	346
9142	4036
9143	2807
9144	209
9145	109
9146	5461
9147	3502
9148	137
9149	3173
9150	3462
9151	1620
9152	2755
9153	6043
9154	3319
9155	1001
9156	344
9157	6982
9158	413
9159	1425
9160	3925
9161	399
9162	3144
9163	2399
9164	6305
9165	977
9166	1268
9167	956
9168	3721
9169	299
9170	740
9171	5018
9172	451
9173	3613
9174	3704
9175	3177
9176	60
9177	608
9178	31
9179	3636
9180	3875
9181	2643
9182	36
9183	969
9184	1023
9185	895
9186	525
9187	659
9188	6279
9189	4267
9190	12
9191	2381
9192	390
9193	645
9194	902
9195	1534
9196	542
9197	2752
9198	3214
9199	843
9200	2176
9201	3746
9202	1162
9203	1561
9204	415
9205	288
9206	166
9207	5669
9208	1760
9209	3084
9210	2787
9211	5585
9212	3779
9213	59
9214	268
9215	3177
9216	858
9217	1100
9218	3647
9219	297
9220	83
9221	7426
9222	4356
9223	3914
9224	2607
9225	2142
9226	456
9227	4614
9228	2771
9229	816
9230	1717
9231	3463
9232	3940
9233	85
9234	1473
9235	2890
9236	1451
9237	1891
9238	2340
9239	3646
9240	5005
9241	4129
9242	2240
9243	2509
9244	6568
9245	43
9246	799
9247	2735
9248	5057
9249	6102
9250	116
9251	2927
9252	2624
9253	2830
9254	2443
9255	386
9256	5193
9257	52
9258	4575
9259	19
9260	1300
9261	1111
9262	4388
9263	62
9264	2277
9265	1
9266	1
9267	3566
9268	1590
9269	1241
9270	2290
9271	89
9272	1164
9273	394
9274	393
9275	3619
9276	6493
9277	7683
9278	2086
9279	328
9280	1694
9281	177
9282	652
9283	4178
9284	163
9285	1273
9286	3095
9287	5633
9288	933
9289	2539
9290	637
9291	2295
9292	1709
9293	6278
9294	4343
9295	4540
9296	2027
9297	776
9298	2221
9299	0
9300	1678
9301	158
9302	537
9303	8103
9304	6075
9305	646
9306	8188
9307	239
9308	2288
9309	26
9310	366
9311	2944
9312	1076
9313	1775
9314	6539
9315	6317
9316	260
9317	3722
9318	2295
9319	904
9320	1547
9321	3217
9322	532
9323	8510
9324	3734
9325	19
9326	1442
9327	2435
9328	519
9329	3936
9330	335
9331	1354
9332	1697
9333	101
9334	3224
9335	1552
9336	7261
9337	1386
9338	2865
9339	2477
9340	1538
9341	4372
9342	3147
9343	834
9344	2607
9345	471
9346	1488
9347	4619
9348	3035
9349	149
9350	7660
9351	71
9352	4343
9353	4548
9354	243
9355	457
9356	1298
9357	8324
9358	1503
9359	1903
9360	5956
9361	8741
9362	1204
9363	1603
9364	4201
9365	266
9366	5956
9367	42
9368	160
9369	4593
9370	53
9371	3738
9372	2694
9373	48
9374	3027
9375	5901
9376	1042
9377	564
9378	6070
9379	1943
9380	6436
9381	875
9382	610
9383	1774
9384	5816
9385	743
9386	6048
9387	1665
9388	1785
9389	6883
9390	1003
9391	710
9392	606
9393	5108
9394	8222
9395	963
9396	7620
9397	4531
9398	865
9399	3957
9400	1785
9401	207
9402	2072
9403	2957
9404	4337
9405	3640
9406	308
9407	1109
9408	4351
9409	8985
9410	2260
9411	834
9412	1029
9413	1255
9414	3883
9415	4435
9416	5791
9417	4
9418	5143
9419	3467
9420	4405
9421	1285
9422	777
9423	74
9424	5567
9425	1374
9426	404
9427	2659
9428	7954
9429	3140
9430	1849
9431	5347
9432	356
9433	3460
9434	1221
9435	7313
9436	1769
9437	1647
9438	793
9439	6336
9440	4172
9441	3654
9442	4330
9443	1606
9444	7767
9445	6539
9446	401
9447	4941
9448	2176
9449	3234
9450	329
9451	539
9452	902
9453	212
9454	4676
9455	445
9456	332
9457	35
9458	7189
9459	1482
9460	783
9461	7807
9462	5079
9463	614
9464	2609
9465	2172
9466	1418
9467	2853
9468	418
9469	2718
9470	36
9471	517
9472	2247
9473	4768
9474	1006
9475	5944
9476	8131
9477	7698
9478	2228
9479	314
9480	1897
9481	326
9482	1320
9483	3750
9484	4883
9485	2373
9486	233
9487	1802
9488	1162
9489	659
9490	1980
9491	2364
9492	1774
9493	1883
9494	696
9495	2510
9496	238
9497	1381
9498	124
9499	3540
9500	3170
9501	54
9502	61
9503	1513
9504	1416
9505	322
9506	1944
9507	16
9508	715
9509	2011
9510	95
9511	2018
9512	2643
9513	1041
9514	5988
9515	2848
9516	1163
9517	3235
9518	1360
9519	3525
9520	206
9521	5901
9522	2204
9523	1458
9524	1601
9525	1845
9526	1863
9527	3420
9528	810
9529	1629
9530	2134
9531	664
9532	4951
9533	972
9534	5336
9535	1033
9536	8125
9537	115
9538	3778
9539	2681
9540	2461
9541	6398
9542	1429
9543	4071
9544	737
9545	3152
9546	55
9547	717
9548	749
9549	302
9550	2631
9551	2053
9552	5571
9553	50
9554	1503
9555	7146
9556	3148
9557	1825
9558	1287
9559	772
9560	6177
9561	88
9562	6720
9563	2201
9564	1914
9565	1309
9566	904
9567	2360
9568	827
9569	1219
9570	229
9571	655
9572	116
9573	89
9574	19
9575	1066
9576	3125
9577	3968
9578	6376
9579	1726
9580	1298
9581	6184
9582	2711
9583	8002
9584	1633
9585	709
9586	564
9587	5347
9588	2933
9589	7349
9590	496
9591	2443
9592	3043
9593	527
9594	6138
9595	903
9596	2145
9597	941
9598	6730
9599	2405
9600	750
9601	414
9602	1893
9603	3198
9604	7552
9605	1713
9606	4927
9607	1016
9608	3142
9609	473
9610	1844
9611	3767
9612	2284
9613	144
9614	1241
9615	1424
9616	5874
9617	2228
9618	4962
9619	1425
9620	6093
9621	3352
9622	4041
9623	1365
9624	1062
9625	1234
9626	4335
9627	2815
9628	42
9629	51
9630	956
9631	7867
9632	2527
9633	406
9634	4351
9635	3811
9636	1515
9637	3075
9638	1053
9639	7034
9640	4703
9641	1609
9642	7753
9643	168
9644	2829
9645	344
9646	487
9647	2016
9648	4313
9649	3752
9650	548
9651	2807
9652	976
9653	307
9654	7776
9655	4794
9656	2726
9657	381
9658	7302
9659	3915
9660	5724
9661	677
9662	5114
9663	199
9664	743
9665	7350
9666	1375
9667	3079
9668	189
9669	6152
9670	2123
9671	839
9672	1257
9673	1559
9674	1660
9675	1657
9676	4696
9677	204
9678	2829
9679	239
9680	14
9681	5231
9682	8138
9683	2249
9684	900
9685	2048
9686	4394
9687	8596
9688	3246
9689	1065
9690	1762
9691	363
9692	1678
9693	163
9694	1785
9695	1851
9696	2479
9697	1830
9698	2022
9699	5110
9700	1791
9701	5846
9702	2364
9703	4127
9704	118
9705	272
9706	4707
9707	491
9708	4951
9709	5257
9710	7198
9711	6768
9712	75
9713	4185
9714	58
9715	4361
9716	4195
9717	89
9718	4406
9719	5258
9720	448
9721	3420
9722	8757
9723	3038
9724	3931
9725	1739
9726	1012
9727	651
9728	4970
9729	1664
9730	646
9731	6219
9732	127
9733	7664
9734	5776
9735	337
9736	3730
9737	4844
9738	1051
9739	5495
9740	173
9741	21
9742	2363
9743	3164
9744	833
9745	790
9746	5567
9747	353
9748	1267
9749	361
9750	1898
9751	4111
9752	2711
9753	1356
9754	3163
9755	38
9756	116
9757	6404
9758	2917
9759	616
9760	4480
9761	273
9762	2146
9763	979
9764	2054
9765	1
9766	55
9767	5478
9768	2850
9769	33
9770	5417
9771	5044
9772	3175
9773	6988
9774	1255
9775	865
9776	8599
9777	3779
9778	3833
9779	3691
9780	1413
9781	4853
9782	209
9783	1778
9784	4460
9785	4820
9786	3175
9787	2064
9788	688
9789	397
9790	1306
9791	3862
9792	513
9793	619
9794	4388
9795	2654
9796	5548
9797	4129
9798	4325
9799	896
9800	3093
9801	89
9802	6677
9803	2381
9804	1786
9805	5935
9806	3313
9807	1725
9808	652
9809	3743
9810	344
9811	1867
9812	166
9813	364
9814	1392
9815	1792
9816	4915
9817	362
9818	386
9819	3580
9820	3228
9821	1743
9822	3921
9823	4057
9824	452
9825	3732
9826	2647
9827	1898
9828	1606
9829	78
9830	1524
9831	7478
9832	1175
9833	982
9834	1073
9835	4211
9836	1643
9837	9303
9838	1421
9839	0
9840	86
9841	870
9842	988
9843	187
9844	2349
9845	1065
9846	1088
9847	1455
9848	3806
9849	3222
9850	5707
9851	130
9852	50
9853	5049
9854	858
9855	193
9856	5755
9857	1243
9858	3470
9859	1142
9860	3851
9861	659
9862	6217
9863	1622
9864	1366
9865	3710
9866	424
9867	2472
9868	6987
9869	437
9870	1175
9871	1321
9872	1177
9873	740
9874	3619
9875	6896
9876	4011
9877	1296
9878	4679
9879	125
9880	1592
9881	834
9882	4896
9883	3779
9884	2047
9885	4132
9886	4883
9887	2589
9888	7282
9889	1785
9890	1892
9891	564
9892	2855
9893	118
9894	7
9895	537
9896	22
9897	3
9898	281
9899	1035
9900	8769
9901	61
9902	4781
9903	1510
9904	1842
9905	539
9906	9571
9907	1343
9908	1099
9909	1441
9910	900
9911	694
9912	47
9913	3617
9914	24
9915	2411
9916	2967
9917	1540
9918	6398
9919	3033
9920	182
9921	29
9922	3244
9923	5074
9924	5264
9925	605
9926	946
9927	627
9928	432
9929	3350
9930	4383
9931	50
9932	1311
9933	2624
9934	1070
9935	2555
9936	502
9937	1724
9938	1609
9939	8
9940	915
9941	970
9942	1606
9943	3313
9944	420
9945	4804
9946	5042
9947	194
9948	3128
9949	4581
9950	2260
9951	1241
9952	2249
9953	2539
9954	1593
9955	4411
9956	4347
9957	5858
9958	1389
9959	649
9960	870
9961	372
9962	2799
9963	527
9964	2199
9965	5818
9966	300
9967	1395
9968	5125
9969	793
9970	2686
9971	4826
9972	2643
9973	108
9974	856
9975	1876
9976	2377
9977	5619
9978	3575
9979	6627
9980	1990
9981	2247
9982	2210
9983	1862
9984	2493
9985	1357
9986	1760
9987	1062
9988	5422
9989	6305
9990	1353
9991	2440
9992	1816
9993	2018
9994	1750
9995	1205
9996	479
9997	517
9998	815
9999	2087
